-8.016829202787071154e+03 2.650255343668460046e+04 4.793192842405579540e+03 1.784793745977423896e+03 6.276983691865959827e+02 2.504524633434497446e+03
5.527806488580114319e+02 -1.158063139731002775e+04 1.697386304554295066e+03 -1.129874071321682777e+03 -3.506375666027990974e+02 -1.253199073446731518e+03
3.243566681474196400e+01 -1.448597053279575221e+03 2.625388903444653579e+02 -1.430787307532363570e+02 -4.428450772027451876e+01 -1.578594812239587952e+02
2.030363698077827621e+02 -4.375990064518868166e+03 6.521800709714606228e+02 -4.316361513359348123e+02 -1.332341275284109940e+02 -4.736506464610479838e+02
4.189784080418940903e+03 -1.535404406540795389e+04 -2.465756732127465966e+03 -1.444647279891529479e+03 -4.393585904171447396e+02 -1.538588729832021500e+03
1.611658572891840777e+03 -8.084716598652286848e+03 -4.807135033285753707e+02 -7.818979842234042508e+02 -2.377788338168648465e+02 -8.326095049021162140e+02
8.175559960102322066e+02 -1.119065826937396378e+04 1.320168784138379124e+03 -1.235604193685801874e+03 -3.625441847241967821e+02 -1.221812618335679190e+03
-9.473559460201417096e+03 2.420522484053484004e+04 8.343779726833738096e+03 2.483823903905719817e+03 7.057187189851144922e+02 2.292038563630253975e+03
9.020325243326213922e+02 -1.004507205391779280e+04 9.722558858924779770e+02 -1.167475251161934239e+03 -3.330235199108693678e+02 -1.086670890824481376e+03
3.715582707281799230e+03 -3.585363247757853969e+04 2.851728324974539646e+03 -4.463087341437969371e+03 -1.227931245037463214e+03 -3.832983395845932591e+03
-2.882981342998435139e+03 2.133900047605157306e+04 -6.964198846864097732e+02 2.713352124676074709e+03 7.303778954777457102e+02 2.215448798825024824e+03
3.945841648962490581e+03 -2.727548514419612911e+04 5.235525914605444768e+02 -3.868191995582955769e+03 -9.796796096237270604e+02 -2.720636116028869765e+03
-1.739212127071222312e+03 1.495335796220881821e+04 -1.063704223553091879e+03 2.298487338381346035e+03 5.569643494335407468e+02 1.437669733760475765e+03
3.965235233797457113e+03 -3.624791230841285142e+04 3.166098637059721568e+03 -6.330226110733712630e+03 -1.491726477261980335e+03 -3.659375452522489923e+03
-5.308587522888200283e+01 6.049221239644424486e+02 -7.762422660224885362e+01 1.065807431805244647e+02 2.505429411575266485e+01 6.117420837134785927e+01
-6.017633625877319901e+02 5.865348344875172188e+03 -5.989701057086836045e+02 1.041433600945767239e+03 2.425113715732694857e+02 5.813820154640992541e+02
1.354787111061065616e+03 -7.485448669268332196e+03 -3.677268585089036605e+02 -1.288113820218718956e+03 -2.942693964134260227e+02 -6.786671783043868800e+02
-8.711850437562299703e+03 2.921673520753201228e+04 8.338249525198645642e+03 4.739044039110303856e+03 1.073050975391626480e+03 2.428711065053061702e+03
1.625099515427560846e+02 -3.058401687949083225e+03 6.027979840234260109e+02 -5.595232279107625573e+02 -1.300645504621085990e+02 -3.107352532181830043e+02
3.972524105920009333e+03 -1.666131447700123681e+04 -2.754486246043615665e+03 -2.809487064813606139e+03 -6.362088438915006918e+02 -1.440281381655961013e+03
1.914036914261752145e+02 -1.150375050016461500e+03 -2.322747305459064648e+01 -2.013817434114670846e+02 -4.610787836264446327e+01 -1.068287999095441165e+02
-3.850536914285818057e+03 1.617067601021314294e+04 2.680087364438087661e+03 2.731640897871958259e+03 6.165826345622475628e+02 1.386166387353636765e+03
-2.575292194282921628e+03 1.842916895477062644e+04 -5.952073274422709801e+02 3.280024201182780416e+03 7.500289125466318865e+02 1.733177339321119689e+03
1.399429939444556339e+03 -9.622813788446930630e+03 2.040323370898495625e+02 -1.720061263349648243e+03 -3.921079597939695418e+02 -9.002752918442334931e+02
5.394072358011010238e+02 -2.433586151811018681e+03 -3.259090046702701784e+02 -4.178839732417651476e+02 -9.379819441156337234e+01 -2.083134580424650721e+02
-1.290706646464729374e+03 1.899438759526553258e+04 -3.314329022704525414e+03 3.530548951675569242e+03 8.057303896003865020e+02 1.854284997165730147e+03
-1.279909885441406914e+03 2.846390200547228960e+04 -6.289086334885642827e+03 5.387054875498312867e+03 1.226554462220890628e+03 2.808993684400716120e+03
-1.354985721802058833e+03 2.480645853885432007e+04 -5.117869191776364460e+03 4.751949277389422605e+03 1.069511527320592677e+03 2.389376272144424547e+03
-1.860617108556306675e+03 4.083308224917359621e+04 -9.186322411439950884e+03 7.853367729746713849e+03 1.766534509859578748e+03 3.941671696908160811e+03
-8.699705418655227049e+02 2.248710573078448215e+04 -5.378476435301337915e+03 4.353253886236114340e+03 9.787855960351473641e+02 2.181847326787478323e+03
-1.931986579183271488e+03 2.409296559956267447e+04 -3.763115658525283379e+03 4.580433696151196273e+03 1.024766432621318700e+03 2.259455415753635862e+03
-1.070869590439830290e+03 6.934875384086755730e+03 -2.461386300826682572e+01 1.274344955207476005e+03 2.831482268094287065e+02 6.146973704812011192e+02
6.393625593462608776e+03 -4.196561977668796317e+04 3.288973041670407724e+02 -7.731084149823352163e+03 -1.719690055806684541e+03 -3.742781954910059994e+03
2.161961935676333368e+01 -2.734292428521045508e+02 4.499853258675742751e+01 -5.346762107953902898e+01 -1.174789882835150934e+01 -2.485100675766118528e+01
2.617472582119036360e+03 -2.364248165967002569e+04 2.334218894987551721e+03 -4.584894393568597479e+03 -9.992064119253215040e+02 -2.072799291696274395e+03
-6.815329293618282463e+03 -2.979169234842391688e+03 -1.842873139249506949e+02 -3.870790470588748917e+02 1.293085813991900295e+03 -4.360877874421038314e+01
8.512669354503785144e+03 3.079511254485572408e+03 -1.223550417511052046e+03 6.758416331997295856e+01 -1.796598372836457202e+03 4.072894876546850469e+02
1.540354521237892914e+04 5.479541706321398124e+03 -2.243873142717497103e+03 3.326902568265262516e+01 -3.240813239892255751e+03 8.000517005965114095e+02
3.624243786982567144e+03 1.297586268543986762e+03 -5.454316291111018700e+02 2.716520089508149738e+01 -7.636271270072625157e+02 1.742653484543023694e+02
-1.540782953142404222e+04 -6.188726093262601353e+03 2.619451315705433444e+03 -8.566449324019857841e+02 3.001083567438344289e+03 -1.319674741472353219e+02
-1.001701325495691162e+04 -3.839662210440408671e+03 1.731260009592717552e+03 -4.130875021445292532e+02 2.039370556731852275e+03 -2.143144780650441135e+02
7.048953546798217076e+02 2.343418126684182710e+02 -1.515511906813550240e+02 8.856504932209075420e+00 -1.499485044192024361e+02 3.162234364605991743e+01
1.677218800261184151e+04 7.324320030597725236e+03 -3.982365583824172973e+03 1.303326670695989378e+03 -2.912560099518596417e+03 -2.199017175196448193e+02
-1.012069198896487478e+03 -3.251902058483739779e+02 2.529452179443258899e+02 -1.615902680936337177e+01 2.145391387050644880e+02 -4.267229949082952345e+01
-3.505648454448639768e+03 -1.076105546378470990e+03 1.026955789115387461e+03 -6.556541877848853517e+01 7.423711622717906948e+02 -1.405439593223294423e+02
-5.024430814713410655e+03 -1.562469348665807729e+03 1.606788900934666572e+03 -1.330837084565679618e+02 1.049329475019028223e+03 -1.688630719297937048e+02
-8.813750020200128347e+03 -2.560489144239574216e+03 3.412796610970380698e+03 -2.532171143155465529e+02 1.841855679188090107e+03 -2.819344592350291236e+02
-7.867804453833871776e+03 -1.958900107163776738e+03 3.383762022600384626e+03 -1.474278735496322383e+02 1.640009924518202070e+03 -3.085776126909581762e+02
-7.688637004200431875e+03 -1.754604839852790747e+03 3.507654151585082218e+03 -1.271243543472085804e+02 1.735672893280191602e+03 -3.478878827650884205e+02
1.639577869360273553e+03 3.403016880977070855e+02 -7.443492028445393771e+02 1.308836716083931151e+01 -3.673486312442698249e+02 8.381667055325532090e+01
-4.491278711456594465e+03 -9.661338859194706856e+02 2.093363654987138034e+03 -5.903535262386100868e+01 1.008076009950581465e+03 -2.129637194455890494e+02
-1.638719100715361128e+04 -4.780532931430824647e+03 8.090743045180503032e+03 -7.240014957770630417e+02 3.573366520857381602e+03 -3.753773259427509288e+02
2.243215358738400755e+04 9.916673829299563295e+03 -1.072421272311287976e+04 1.984909403587347697e+03 -4.413832986935448389e+03 -3.404647937784579881e+02
1.081268076755704715e+04 1.843412895481342275e+03 -4.911894614423733401e+03 -6.780357930071748740e+01 -2.407041567431932890e+03 6.624321206937707984e+02
-1.261255231783009003e+04 -4.597025570154775778e+03 6.262169092107395954e+03 -8.548788051866669093e+02 2.656318830969390547e+03 -4.554889510806059860e+01
-1.759830728648583317e+04 -4.837743110890609387e+03 8.643469406977454128e+03 -6.794976953860510775e+02 3.904187924388939791e+03 -4.923637622191803302e+02
-7.655098366183062353e+03 -2.792318167515547884e+03 3.824092913993283219e+03 -5.194905974934698634e+02 1.608484802119050073e+03 -2.622866164291624358e+01
-1.571224988235416458e+04 -3.833101972547963669e+03 7.696980295201935405e+03 -4.316506149715305014e+02 3.506584324595214184e+03 -5.739404740195395789e+02
-1.366406549105521844e+04 -3.404298138301449399e+03 6.743844746411323285e+03 -4.087317772050291182e+02 3.056546074884568043e+03 -4.763326993177476538e+02
-1.237961269725700913e+04 -4.252008008959319341e+03 6.285377515294956538e+03 -7.661171689461040160e+02 2.634220422555279129e+03 -1.053716265918964439e+02
9.838789102521430323e+03 1.664084533934078991e+03 -4.669644846940645039e+03 -2.409151202071956988e+01 -2.184813215628034413e+03 5.736594894039363908e+02
1.448761374374475054e+04 2.127679215348378875e+03 -6.785239140432819113e+03 -1.727051611660534718e+02 -3.196483577299071840e+03 9.406406710662768091e+02
1.649103781540634009e+04 2.402888526643236673e+03 -7.934230074397034514e+03 -1.576461457827965660e+02 -3.645118216806021792e+03 1.043686488266841707e+03
1.177517415671795789e+04 1.612936046779915387e+03 -5.628009890320208797e+03 -1.567831980136780317e+02 -2.587466112958478334e+03 7.739448228084226002e+02
2.260050157681967539e+04 2.949773765063743667e+03 -1.074495134879328543e+04 -3.657557907818643912e+02 -4.959778772689504876e+03 1.531626812887635879e+03
6.645849685069391853e+03 1.104190024288978748e+03 -3.291654769693121580e+03 3.579510878152570630e+00 -1.477920011039956535e+03 3.733977016591779829e+02
-1.794653832196203075e+04 -4.502074505266666165e+03 9.311526849328078242e+03 -6.035916737438127484e+02 4.003072170742225353e+03 -5.734902575812219538e+02
-1.927746885691439093e+04 -4.790636498402554935e+03 9.977455798188937479e+03 -6.318333367890051022e+02 4.313485405970713146e+03 -6.316477145193010756e+02
1.137804717004897066e+04 1.718085062221054386e+03 -5.797428887509299784e+03 -2.302890031603663701e+01 -2.529288861596048719e+03 6.605232187780857203e+02
-3.034804300238150518e+03 -5.570495127989045159e+02 1.600112192828841671e+03 -3.672716300917664256e+01 6.794660135117179607e+02 -1.458014963658461909e+02
