-1.944605491776527742e+03 1.138867980082965914e+04 5.967284274338214800e+02 6.312238462376885764e+02 1.744251493982346233e+02 7.967058423434490351e+02
2.333288873046533354e+03 3.332879611728433520e+04 -7.595890849275874643e+03 2.049412754109762773e+03 6.017990569059818426e+02 2.888961750095561911e+03
1.626064345959613092e+03 2.341432856974777678e+04 -5.378304817968790303e+03 1.464725159258638541e+03 4.250114516394441466e+02 2.021338361002755846e+03
9.603800801682267547e+02 1.385532034523846960e+04 -3.187286873549263419e+03 8.707198793362930473e+02 2.520541822593654331e+02 1.196510868454991169e+03
2.128648300418658152e+02 6.587965296361375295e+03 -1.347523400628632999e+03 4.306079667131222095e+02 1.137004432746274745e+02 4.984480132485234662e+02
2.104243087639358237e+03 -9.351046774740460023e+03 -1.188872373244563505e+03 -5.908479189557024256e+02 -1.527351925568066235e+02 -6.560289039040997068e+02
7.546440196346761695e+02 -1.782656312935976985e+03 -7.593685341502256279e+02 -1.231248164005591974e+02 -2.933962298492953380e+01 -1.155127149791056524e+02
3.365076060945006247e+03 -7.808502315179292964e+03 -3.424727795130826053e+03 -5.432018257130089296e+02 -1.290715214338474084e+02 -5.064760130628820889e+02
1.063848891532524931e+03 -1.193096832851961153e+04 7.293724110056972449e+02 -8.978287872675932704e+02 -1.999960311185144235e+02 -7.235072075106378406e+02
1.579963310853841676e+03 -1.753734902031632737e+04 1.046963540116123340e+03 -1.321193230087817028e+03 -2.942049845314480194e+02 -1.063839630557419696e+03
5.911424030278033570e+03 -2.430249877479119823e+04 -4.070640278608577319e+03 -1.825749807306424827e+03 -4.328991049233448507e+02 -1.694459530204452221e+03
5.587969747725739580e+03 -1.297711585899243073e+04 -5.702426107529536239e+03 -9.080778556259803054e+02 -2.152681788320527687e+02 -8.424032604976159746e+02
2.693849968845524927e+03 -6.349914217761144755e+03 -2.738824232758178368e+03 -4.458240357301158383e+02 -1.054745746046642694e+02 -4.117742680190816600e+02
7.570094873824182287e+03 -3.196389343151364665e+04 -5.439365996177501984e+03 -2.659720115917067233e+03 -5.982344065013596719e+02 -2.192440618025791537e+03
2.920540447451912769e+03 -2.847437703366414280e+04 1.364918644379397165e+03 -2.563364462987550723e+03 -5.126194858470332747e+02 -1.568374834972201370e+03
3.847921838479147482e+03 -1.971850047757455468e+04 -2.959925976477165932e+03 -2.233284973124816588e+03 -4.146428072579601576e+02 -1.094128413705521552e+03
3.332650475430522874e+03 -2.954949566070963920e+04 1.076730956308966370e+03 -3.668662947122991682e+03 -6.581881391439712843e+02 -1.601831892667270040e+03
1.032261388179927280e+03 -3.649419170686066082e+03 -1.419340797736138711e+03 -4.108197185007534813e+02 -7.283417947908094447e+01 -1.719619700302892511e+02
-1.550929683881593348e+02 -2.155559170729022662e+04 5.986214558944261626e+03 -3.163931238933075292e+03 -6.085837744594102787e+02 -1.730239889913403886e+03
-1.761580164694174755e+02 -1.035983918536523925e+04 3.456058613687132038e+03 -1.596198976695325427e+03 -2.923193834315632671e+02 -7.476062491883212715e+02
2.069264086057472468e+03 -9.072999952885946186e+03 -2.839065532750062630e+03 -1.111620832333425824e+03 -1.838293637316381250e+02 -3.524480598167947392e+02
-2.236429629495386962e+03 1.823015698448700277e+04 -4.523721169931399686e+02 2.597228709159521713e+03 3.898407544278960017e+02 4.856234126255868659e+02
-8.438640831764987524e+03 4.947022298765416053e+04 1.252930393005552833e+04 6.900675959512228474e+03 1.005185782712757828e+03 1.029656492889154833e+03
-1.138147972017892243e+04 -2.449222638392932367e+03 -5.239304131385688379e+03 -2.612474688376430549e+02 1.625520713349718562e+03 -1.148927824982894350e+02
1.214422382280706188e+04 4.771460087314160774e+03 6.642561536108417386e+03 -4.560114306659172456e+01 -2.103866488808342183e+03 6.991816449297178906e+02
1.215529484124295413e+04 4.674763299933382768e+03 6.372259194490496157e+03 -4.533809006410026399e+01 -2.082670971794721936e+03 6.924193892766727458e+02
1.262695987991826041e+04 4.835339341508478356e+03 6.562938733124879946e+03 -4.706723880371216495e+01 -2.161306016870359599e+03 7.185878033932193603e+02
1.390666190019873648e+04 4.305129273848671801e+03 5.019915709974687161e+03 3.699345678494291967e+00 -2.043071871243580063e+03 6.101434519578128857e+02
-1.855209677735538935e+04 -3.396684164114172745e+03 -6.129410258409293419e+03 -5.216571081888823755e+02 2.552852827080737370e+03 -2.066671424894601117e+01
-7.914027046969476942e+03 -1.095906409773559517e+03 -1.291499207269393537e+03 -3.170337612574891182e+02 8.503218447957300441e+02 1.986552269165274254e+02
-6.264921539643193682e+03 -8.661613208096606513e+02 -9.886780990185900464e+02 -2.537026925864401790e+02 6.680227015679157603e+02 1.627183304127938186e+02
-1.666477546950945907e+03 -3.434375766421097751e+02 -1.482563652009204418e+02 -1.918072977183582140e+01 2.065924020207588967e+02 -3.471750489424421460e+01
-3.131479581705975306e+03 -6.446849636053442509e+02 -2.770202460189881890e+02 -3.638980851037178610e+01 3.884695794436020151e+02 -6.481830466025418502e+01
-2.059571321348840866e+04 -3.703183170298527784e+03 -3.770881949326216272e+03 -6.287684596601479825e+02 2.790266639010731978e+03 6.147304985723070558e+01
-8.260607227065076586e+03 -1.149994363211181280e+03 -1.277563519678241391e+03 -3.352799102187369726e+02 8.820386339191869638e+02 2.152761464133710660e+02
-5.955027586798605626e+03 -8.398479317067778993e+02 -9.112305229632124792e+02 -2.402913355898099610e+02 6.400092108554530341e+02 1.519176417682461704e+02
-2.024990964947402244e+04 -3.739568376193343738e+03 -2.047752272115647884e+03 -6.217051366840165656e+02 2.753331181214290609e+03 6.246663663889391671e+01
-3.046259352423209293e+03 -5.478673541082105203e+02 2.125094696688149440e+02 -3.780346299237319840e+01 3.760142572995610522e+02 -5.903831771167145348e+01
-1.886201477265025460e+04 -3.739899788815953343e+03 3.150677018920724095e+03 -5.671583757042691332e+02 2.622605656458979865e+03 2.359544438592730486e+01
-1.469796276982846575e+04 -2.342828773309602639e+03 3.134229720880157856e+03 -2.302360584122932039e+02 2.163062160276662325e+03 -3.213083227633243268e+02
1.838548659260009299e+04 4.630072518790342656e+03 -3.711472675750501821e+03 7.951154820741585354e+02 -2.195318008889234989e+03 -4.793289908150212568e+02
1.139603572480781258e+04 1.666381017272369263e+03 -1.306414789757612880e+03 -6.656823969785554596e+01 -2.001396235560093146e+03 6.983923142106453952e+02
2.863890254343989727e+04 3.284688894617498590e+03 -4.847349253922755452e+03 -3.272650802713254734e+02 -4.774733275713176226e+03 1.907811667432542663e+03
1.023124987331684861e+04 2.653286462613298227e+03 -2.945157511437728317e+03 4.236684346747924224e+02 -1.299633464124218563e+03 -2.162795440868261210e+02
-9.693079948911548854e+03 -1.285623566249743362e+03 4.048326210555773287e+03 -1.572200240996614866e+02 1.415070351846977928e+03 -2.007309033043476916e+02
1.054476071444451736e+04 2.957360471691922157e+03 -4.487935336055624248e+03 4.510363299199274252e+02 -1.452454009707822934e+03 -2.095051401198261374e+02
