-9.772026259832193318e+03 3.549617562579718651e+04 7.121203948215453238e+03 2.086752402307825832e+03 7.147338576328249928e+02 2.909835887474527226e+03
-7.829424416649713748e+03 2.728509085524741386e+04 5.848938927831603905e+03 1.602958660992421983e+03 5.487937210875874143e+02 2.233829683404579555e+03
-6.726710682602585621e+03 2.618514281420698535e+04 4.842166380503795153e+03 1.687836222038555661e+03 5.516241340135065911e+02 2.197729906704352288e+03
-7.377298115202353983e+03 3.273054097169329543e+04 5.029613054687241856e+03 2.270400160392839098e+03 6.970989233854130589e+02 2.691880766365198269e+03
-1.809896545793482574e+03 5.472019922760409827e+03 1.542273538316545910e+03 3.746400538589618350e+02 1.181109669612479394e+02 4.623311830504095497e+02
-1.799238517248135395e+03 6.215370168904823004e+03 1.446865654490881980e+03 4.354220553663421924e+02 1.354360262618477293e+02 5.265253244703540076e+02
2.046019240223336283e+03 4.174133791752155230e+04 -7.636462066954994953e+03 3.196238989489768755e+03 1.071299422659108131e+03 4.318942886751169681e+03
-1.902453015850139536e+03 1.727726170478569475e+04 1.365908412691821070e+02 1.280215056743670857e+03 3.493838694000098144e+02 1.260710731910175809e+03
-1.981838366874790722e+02 5.173657418817319012e+03 -4.908543405065610159e+02 4.085349787769519594e+02 1.087615483630059998e+02 3.862310522277664404e+02
-1.181514929336012756e+03 2.010362396951027404e+04 -1.323402514212453525e+03 1.584892227044890433e+03 4.198877578472169034e+02 1.486313209757500772e+03
-2.087827778525330359e+03 2.888725159964284103e+04 -1.341325815985395593e+03 2.270776185200467353e+03 6.008387846611833538e+02 2.125055348444791434e+03
2.818393002416016316e+03 -8.293879869770138612e+03 -2.546488746665500912e+03 -6.318086112481985310e+02 -1.876278976168319446e+02 -7.116556396657871346e+02
-1.165166080218976276e+03 2.598356667813898093e+04 -2.265390728931686681e+03 2.104164314471679518e+03 5.487112407520861552e+02 1.921795785318786557e+03
-1.245308600859097396e+03 2.074028224959331783e+04 -1.346866132666646081e+03 1.673760031222698217e+03 4.366229770313155996e+02 1.529577447876108863e+03
-1.837304184926058042e+03 2.483708991363274981e+04 -1.107951458829149715e+03 1.998303943183220554e+03 5.209038539209566352e+02 1.823922796825725072e+03
1.466131032394585532e+02 3.776718430838258064e+04 -6.009066994903580053e+03 3.110192545976036854e+03 8.074231216204796056e+02 2.819240922808186497e+03
-1.015682890592135891e+03 2.196882775122925887e+04 -1.898953248654587469e+03 1.823395311573852723e+03 4.681688145363677904e+02 1.622244737106583671e+03
-1.456380123411018985e+03 1.946199125911847659e+04 -8.562011062711716249e+02 1.602872989976357303e+03 4.115394034683507130e+02 1.425997599564622760e+03
-1.456380123411018985e+03 1.946199125911847659e+04 -8.562011062711716249e+02 1.602872989976357303e+03 4.115394034683507130e+02 1.425997599564622760e+03
1.002951862011002930e+02 2.796575630293823633e+04 -4.497512573119933222e+03 2.355353087667088403e+03 6.030477617581728964e+02 2.085484661156564471e+03
-8.526206870985183741e+02 1.727047200772117867e+04 -1.454291092394787029e+03 1.494487016024381546e+03 3.726394183797893902e+02 1.264402968323829327e+03
-1.261464654874964253e+03 1.526746273201330587e+04 -5.152890390540302405e+02 1.330060920897431060e+03 3.281591205364915709e+02 1.104796778542773609e+03
-1.016498825892315836e+03 1.953620118605019161e+04 -1.623314805530714693e+03 1.771007090951180317e+03 4.265123543511762705e+02 1.409617274433136572e+03
-1.016498825892315836e+03 1.953620118605019161e+04 -1.623314805530714693e+03 1.771007090951180317e+03 4.265123543511762705e+02 1.409617274433136572e+03
-1.065200138310996635e+03 2.156353218556975844e+04 -1.889651994221839232e+03 1.965314441864425362e+03 4.714592124760379193e+02 1.553395529860609031e+03
-5.119106004961777785e+02 4.377975516944222363e+03 8.842089893432523695e+01 4.007940511232393987e+02 9.449017714231230514e+01 3.070408394232047726e+02
1.136807300530390785e+04 -3.635040926203884737e+04 -1.126454346786330643e+04 -3.479663452612674519e+03 -8.910956296240120764e+02 -3.082078854091696940e+03
1.015222817276459068e+03 2.007381033485113585e+04 -4.149130328114069016e+03 2.074983570852682533e+03 6.001560331804415682e+02 2.242740932082183917e+03
1.015222817276459068e+03 2.007381033485113585e+04 -4.149130328114069016e+03 2.074983570852682533e+03 6.001560331804415682e+02 2.242740932082183917e+03
6.446716074335150552e+03 -1.971900107582102282e+04 -6.695061628593663045e+03 -1.942740899669700411e+03 -4.849952233445822003e+02 -1.647100789133902254e+03
6.335951538578340660e+03 -2.021598050787952161e+04 -6.545541206020950995e+03 -2.043051773731120420e+03 -5.025329006482181740e+02 -1.687975343271529255e+03
6.613248454262864470e+03 -2.313206332417391604e+04 -6.738361776326408290e+03 -2.460272855321138650e+03 -5.852491472167735083e+02 -1.915503265178112088e+03
6.378774256490371954e+03 -2.019941140562223154e+04 -6.972228651146486300e+03 -2.180595701118408670e+03 -5.107109603802994116e+02 -1.650614760155379145e+03
1.830082263790229945e+03 -3.043000305534732252e+04 2.375264694993536523e+03 -3.807190882195899576e+03 -8.362509247104062524e+02 -2.555669965296533064e+03
1.079575905907789917e+02 -1.188203372287124694e+04 1.999922516013116820e+03 -1.506211981851785367e+03 -3.302562847087801288e+02 -1.007645638512296500e+03
9.138552311075627586e+02 -2.257441897959935159e+04 2.557666654651949557e+03 -2.850982172724087377e+03 -6.233966890833122534e+02 -1.897177362385628385e+03
5.859473840632404773e+01 -2.182095119239650558e+03 3.010127449048443964e+02 -2.770077501098153903e+02 -6.038785092805152033e+01 -1.832582573960206958e+02
9.684429440307342247e+02 -2.118425931204310473e+04 2.214080106140375392e+03 -2.682891508923260062e+03 -5.844611693528094065e+02 -1.772485885743141353e+03
1.136301537360675184e+03 -2.434551661110823989e+04 2.505540668498273590e+03 -3.085899252512154817e+03 -6.716997551377102127e+02 -2.035467488944428169e+03
7.389224856168967563e+03 -3.104778757593066985e+04 -7.459772637525976279e+03 -3.757279725588143265e+03 -8.109877325122686216e+02 -2.437994308842971805e+03
1.411346643866879958e+03 -1.704451799069729532e+04 6.635201962526925854e+02 -2.152126569414618643e+03 -4.651392562935347428e+02 -1.400073927178803615e+03
1.611041729070081828e+03 -2.349167095830849576e+04 1.521663654341137999e+03 -2.993915719920815718e+03 -6.447611626387046044e+02 -1.934082450598127025e+03
5.349245103533860402e+02 -1.986376341220253380e+04 2.775552594646234866e+03 -2.564209545880330097e+03 -5.528653556647283267e+02 -1.660283912811453774e+03
1.871305423780117280e+03 -1.814886606468409809e+04 4.498285063827253083e+01 -2.308224949481891599e+03 -4.945554328552008201e+02 -1.476188483178330216e+03
3.212564122441909149e+03 -1.328364000901714280e+04 -3.360615594700264410e+03 -1.638371558631164135e+03 -3.472939915929090375e+02 -1.025780253542721994e+03
1.204607637261741729e+04 -3.772652320045055239e+04 -1.492025506667398440e+04 -4.593879292709998481e+03 -9.740766123620600183e+02 -2.877914497308226601e+03
5.315580635023853574e+03 -1.958121387244080688e+04 -6.071315516383437171e+03 -2.420113480781613362e+03 -5.098104417725303392e+02 -1.496430496489842199e+03
3.367983383380249506e+03 -2.334463161139666408e+04 -1.742493394906484809e+03 -3.009344276546772562e+03 -6.291402370799438586e+02 -1.832546592017607281e+03
4.419855065221605400e+03 -1.380054479012017873e+04 -5.675163945195611632e+03 -1.704737463316178037e+03 -3.521860557148486919e+02 -1.013322260647011262e+03
5.111637372957357002e+03 -1.559358378928524871e+04 -6.661788302212178678e+03 -1.928774277408405624e+03 -3.973568585169818448e+02 -1.139938891410547058e+03
7.182417740610902911e+03 -3.359308611087583267e+04 -7.021543492621462065e+03 -4.308600403166269643e+03 -8.880363054161733771e+02 -2.548805997730777563e+03
2.803792361525250271e+03 -2.666960234763819972e+04 -3.344811339121081062e+01 -3.564964332198066586e+03 -7.359215572379457626e+02 -2.115694141165512974e+03
5.285541868604121191e+03 -3.845861551687589235e+04 -2.420455673993719302e+03 -5.103654170915544455e+03 -1.052849863998510955e+03 -3.024702512991469575e+03
8.487316489513603301e+03 -3.127656539320298543e+04 -1.016316718776488597e+04 -3.991336726297108271e+03 -8.117871470509386427e+02 -2.297210341490258088e+03
6.290619042358315710e+03 -4.545197894160216674e+04 -2.954459240705040884e+03 -6.055662294655158803e+03 -1.246153904703004855e+03 -3.570732829146762015e+03
1.839944973154194486e+03 -3.020855026893665126e+04 2.525604043203419224e+03 -4.124344580868090816e+03 -8.476746636887608020e+02 -2.425768530749297952e+03
9.336124501252901609e+03 -3.217922861493191158e+04 -1.185602752843972848e+04 -4.126210740745608746e+03 -8.279466036352807805e+02 -2.308488244830616168e+03
2.310743904561453292e+03 -2.557755613557489778e+04 7.031939297734163574e+02 -3.485581905836488659e+03 -7.093013965630759685e+02 -2.008350583907079454e+03
2.122057712840030945e+03 -2.487790583311984301e+04 9.310529294738736326e+02 -3.411765412817585911e+03 -6.926949608995862491e+02 -1.956488509074389185e+03
2.193672031428577156e+03 -2.468803909369651592e+04 7.605349498252339799e+02 -3.405634615352752007e+03 -6.862847776656050200e+02 -1.922568759711878556e+03
2.656484101136897152e+03 -3.031161217971265069e+04 1.011108449174332122e+03 -4.199441877546006253e+03 -8.435337898613023526e+02 -2.354714824448272793e+03
9.236294058682714194e+02 -7.631720633289629404e+03 -2.573024020760699955e+02 -1.061678891300164423e+03 -2.092320368439913523e+02 -5.716121123923547884e+02
5.090733294523043696e+03 -3.517059648803997698e+04 -2.922872979150334231e+03 -4.859127150686737878e+03 -9.492330483888056278e+02 -2.566806583379662243e+03
4.469373069692359422e+03 -1.934365104239010179e+04 -5.103154515535656174e+03 -2.609589132504100235e+03 -5.064363032237913558e+02 -1.358792475690841002e+03
5.235505131258669280e+03 -1.784754930240819158e+04 -7.125424083887216511e+03 -2.361988071976877563e+03 -4.541680670769032417e+02 -1.205047508045102177e+03
2.654702456747781980e+03 -9.049964596760280983e+03 -3.639696592768886603e+03 -1.201788768739863826e+03 -2.299815659647280768e+02 -6.066527978361990563e+02
3.075358653125574165e+03 -1.374113752948657020e+04 -3.467954646052634416e+03 -1.870124989344480809e+03 -3.594702998778017786e+02 -9.533931085060340820e+02
2.689730068285211928e+03 -2.936206552452188771e+04 7.887946307939826056e+02 -4.203983020283556471e+03 -8.149410404178862564e+02 -2.183593799837334245e+03
2.769128333390168791e+03 -2.793699597695200282e+04 3.130400573737437071e+02 -3.998105619514318278e+03 -7.736634186758703891e+02 -2.068604757553900981e+03
2.831489325168307460e+03 -2.873924595890218188e+04 3.596577764799088754e+02 -4.123196146119081277e+03 -7.953795759495732227e+02 -2.118671058961016115e+03
2.173867985619981027e+03 -2.417524320960084879e+04 7.404895632334905713e+02 -3.478375611505432516e+03 -6.706757068849140069e+02 -1.785477382611475150e+03
5.026829387545972168e+03 -1.736976877435929055e+04 -7.082909183503496024e+03 -2.356655335090375502e+03 -4.411570258199708405e+02 -1.131778727085714991e+03
2.562853310935663103e+03 -2.576802946518406679e+04 2.772831094680829551e+02 -3.739482267218763809e+03 -7.120837812869344816e+02 -1.866903878599723384e+03
4.154533079417610679e+03 -3.948968671222190460e+04 -6.188856421385634832e+01 -5.735553925110691125e+03 -1.094083382585585696e+03 -2.874617325418434575e+03
2.622240220824151947e+03 -2.668938134707804420e+04 3.599083310100059521e+02 -3.895787199290392437e+03 -7.372489712689992984e+02 -1.917868534621328536e+03
4.223763002033799239e+03 -4.163905614727357897e+04 2.745137364592419544e+02 -6.097701006947499081e+03 -1.152360190686704755e+03 -2.992527455805498448e+03
2.492733448850035984e+03 -2.524991575928269231e+04 3.211369100738700695e+02 -3.724217518963705970e+03 -6.958819265714557787e+02 -1.781027538802925847e+03
3.602828505618942927e+03 -3.855450260263261589e+04 9.455928116514539852e+02 -5.722631224258506336e+03 -1.065479305409955487e+03 -2.714285113412023748e+03
1.595045387779377506e+03 -1.703475809583796945e+04 4.137744574515047589e+02 -2.530003368882629729e+03 -4.689214912556602712e+02 -1.187448881554146965e+03
3.768534633936127193e+03 -3.773585599311158876e+04 3.928276145177318313e+02 -5.635616892222871684e+03 -1.039362428526213080e+03 -2.614647883540570547e+03
4.947961052022620606e+03 -4.944762417032385565e+04 4.965805452034174436e+02 -7.421630449220208902e+03 -1.362114208196191612e+03 -3.404197567719452309e+03
4.006047683404063719e+03 -4.248811966985865001e+04 9.870834163085272621e+02 -6.389658765054994547e+03 -1.171921763351818527e+03 -2.926187438803503028e+03
4.678795021757327049e+03 -4.310089021929247974e+04 -4.057955900538615310e+02 -6.494655335069145622e+03 -1.183132367340650262e+03 -2.926907920616230967e+03
1.662844133039075132e+03 -6.622531896447651889e+03 -2.322794239166863917e+03 -9.418799990020286259e+02 -1.680340697430784189e+02 -4.035856947052801615e+02
2.759713347069904557e+03 -2.573176439202045367e+04 -1.692259734774974049e+02 -3.910035103211973365e+03 -7.014295567229518156e+02 -1.698177314040626470e+03
1.242801593101846265e+03 -1.169796013098217009e+04 -5.040846702371973720e+01 -1.797940812996437216e+03 -3.174071081236613168e+02 -7.506767252518378655e+02
4.430224851448943809e+03 -1.717193681187688708e+04 -6.748887621884276996e+03 -2.489365470328180891e+03 -4.280842765704373392e+02 -9.723395580300291385e+02
2.887735799118457180e+03 -2.717169629974821873e+04 -1.211861576606791004e+02 -4.207241159171838262e+03 -7.370832548810361686e+02 -1.723293969835219514e+03
9.031404807775290465e+03 -3.483063903062186728e+04 -1.385191798528153049e+04 -5.066945083200557747e+03 -8.698084719410793468e+02 -1.970130598325170240e+03
3.493447012411396827e+03 -3.321929217531664472e+04 -5.731037529032135325e+01 -5.174779273982325321e+03 -9.010557195800392947e+02 -2.087023845737127886e+03
1.407839225607994649e+03 -1.189928638818920263e+04 -4.161137032241673523e+02 -1.843554164898111821e+03 -3.192160098014152823e+02 -7.329708367736336641e+02
5.843907867929446184e+03 -4.984365813745345076e+04 -1.615329703998007290e+03 -7.789481702459145708e+03 -1.345748749247227806e+03 -3.079214113558868121e+03
1.795123945349458381e+03 -2.505581525773615431e+04 2.103656669433048592e+03 -3.984112013728788952e+03 -6.854842621317751536e+02 -1.558276503100363243e+03
1.939018199843055527e+03 -1.778707446266232728e+04 -2.108587516028564437e+02 -2.798612048446595963e+03 -4.763601187850737233e+02 -1.064266378666627133e+03
5.200744347004441806e+03 -4.762104616333494778e+04 -5.924535777252764319e+02 -7.535068443473631305e+03 -1.278964661774480419e+03 -2.844262616171001355e+03
2.368330215103269893e+03 -2.089407168447263030e+04 -4.960697718424351024e+02 -3.313590061700406295e+03 -5.572448131000220428e+02 -1.220248186090899026e+03
1.553638091089451336e+03 -1.385383569212051589e+04 -2.851375111838282805e+02 -2.199752061498198600e+03 -3.693845636357284548e+02 -8.068534037057510204e+02
-2.842606733986623269e+01 1.054876522062471486e+04 -2.937889985267536304e+03 1.775220142877077478e+03 2.952237468159995046e+02 6.342275787094527004e+02
3.569118657872477797e+03 -2.975766379791191503e+04 -1.369856012826213600e+03 -4.843713722541285279e+03 -7.747931184802515645e+02 -1.549625935772603725e+03
4.896430243219614340e+02 -1.166012627529050587e+04 2.267272691133263834e+03 -1.943764338280919219e+03 -3.050002444187161359e+02 -5.870057308315149385e+02
4.780438333418187540e+03 -2.749451668755121500e+04 -6.011705921758586555e+03 -4.358846879115768388e+03 -6.804346872868737819e+02 -1.295620037263573295e+03
-9.171900216101647629e+02 3.035071615225497226e+04 -7.087698281672362100e+03 5.109335540449306791e+03 7.982004642292889685e+02 1.522292727098606520e+03
7.271877985921399841e+02 -7.159013804700306537e+03 6.420964552187855645e+01 -1.183612543324548142e+03 -1.861225860608937239e+02 -3.597950788632918488e+02
1.293178655818914876e+03 -7.975269972716866505e+03 -1.494487554901597150e+03 -1.271740077954336584e+03 -1.960492073199974641e+02 -3.634437407810028731e+02
2.398114331111804404e+03 -2.053250708478795423e+04 -7.995489332448458981e+02 -3.389254464064234980e+03 -5.284336481622290194e+02 -1.003631476505213072e+03
1.330197065627111215e+03 -1.295155550979818690e+04 7.252879685925800857e+01 -2.150564727622953797e+03 -3.349518651997213965e+02 -6.347556693241726862e+02
1.053892604381235060e+03 -1.234573563912868121e+04 7.947554356166433536e+02 -2.108736159654500625e+03 -3.204693835469839200e+02 -5.755116544826047402e+02
3.884858902840818473e+02 -3.778231748649148358e+03 2.149911187113312749e+01 -6.368913496931933196e+02 -9.595327174180832230e+01 -1.688950546645749284e+02
-4.946823491246624371e+02 2.885892737843099439e+03 7.058949764587492837e+02 4.650534308883005679e+02 6.858118052390470609e+01 1.145957953823137103e+02
9.544522437777869754e+02 -1.000012382782180430e+04 3.151247812336497418e+02 -1.701640499449539902e+03 -2.551613621599352939e+02 -4.441554173253386466e+02
1.266032252591239313e+02 -1.308466618299432184e+03 3.567069822639971477e+01 -2.227445082602706066e+02 -3.324986977362219420e+01 -5.725272933287441646e+01
6.223781114594100927e+02 -6.476744300549446052e+03 1.949890513186854832e+02 -1.106222748982930398e+03 -1.641186051507923480e+02 -2.783839520852781675e+02
1.435352416822157693e+02 -1.394630473930746120e+03 7.839567560448927885e+00 -2.371419341611282618e+02 -3.509186818562082522e+01 -5.914540706524432778e+01
2.152303001613750439e+03 -2.647314463383461043e+04 2.221033281928197539e+03 -4.574053617102143107e+03 -6.767394803931081242e+02 -1.140097796829448725e+03
-8.101740032538029482e+03 4.309057368730041344e+04 1.465259675419851374e+04 7.324936554074205560e+03 1.041840871765060911e+03 1.579158494995539286e+03
-5.794745680754819659e+03 3.109323193818896470e+04 1.050239749791347458e+04 5.298775977382031670e+03 7.505238407722415559e+02 1.123910106011998096e+03
-2.235033189472857430e+03 1.419500937542265456e+04 3.211201864137123266e+03 2.482782508829884591e+03 3.479445674424467825e+02 5.047254816370429467e+02
-1.430486475617359702e+03 1.273748193703009747e+04 4.251507820872545835e+02 2.335190348544073004e+03 3.274530501416196557e+02 4.758544432029125915e+02
-9.905117151608526910e+03 5.834887433938038885e+04 1.819060001226663371e+04 1.009109981101979065e+04 1.369921507210815435e+03 1.790815012043563001e+03
2.237558840231844897e+03 -3.169847556575585622e+04 4.494660770637773567e+03 -6.011242413700630095e+03 -8.476273336428711218e+02 -1.252598054689648507e+03
-1.701502400787113402e+03 1.116040274541064537e+04 2.515500568139292682e+03 1.967237498467559817e+03 2.682598230339762608e+02 3.561590805400314252e+02
1.181867325896901548e+03 -1.291830260368856398e+04 7.332956006637788278e+02 -2.418643576410131573e+03 -3.365981489035438585e+02 -4.778084865995857626e+02
1.156524817392979912e+03 -1.029208316705684774e+04 -3.647021311640934869e+02 -1.901337532796187361e+03 -2.626084461552787275e+02 -3.638580185819538997e+02
-1.152962551442264157e+04 6.979665193568733230e+04 2.119118494493507387e+04 1.211073882411555132e+04 1.624375078027628888e+03 2.033137140248964442e+03
6.256178775258281348e+02 -6.436440892227702534e+03 2.165799957408434295e+02 -1.207003383150686432e+03 -1.652834332243984647e+02 -2.225951316932480211e+02
-1.359329107373941224e+04 8.341985409346451343e+04 2.605548070053570336e+04 1.447921716907220434e+04 1.910652937957644554e+03 2.245940694829183030e+03
-9.571133447489876289e+02 7.701448392185712692e+03 7.764651213691757903e+02 1.398179810397543861e+03 1.866839907264117073e+02 2.297250207794197081e+02
-9.571133447489876289e+02 7.701448392185712692e+03 7.764651213691757903e+02 1.398179810397543861e+03 1.866839907264117073e+02 2.297250207794197081e+02
-1.244070438122107953e+04 7.592714792053804558e+04 2.427322383276413893e+04 1.323177525233635060e+04 1.742728481511482414e+03 2.032936843813315363e+03
1.570979972406425532e+03 -1.972902646485345394e+04 2.307802247784235988e+03 -3.769986802205030017e+03 -5.137622421946007307e+02 -6.806124259860368966e+02
-7.028495593895549064e+03 5.108201728970660042e+04 9.015959526119537259e+03 9.135631724661618136e+03 1.206173136952448431e+03 1.420901467912819953e+03
-9.391196689275198878e+03 6.224342839989845379e+04 1.570465384189833458e+04 1.099131999116663792e+04 1.444298943165385481e+03 1.669029054588243753e+03
-1.081983870570357340e+03 9.085463445310719180e+03 6.790014421656542254e+02 1.675278663156004995e+03 2.234389706470296915e+02 2.738224710660603023e+02
-2.235767982445846940e+02 1.639524828209192037e+03 2.812821899665660794e+02 2.950247573438830386e+02 3.886533318755056143e+01 4.537642353857401645e+01
-3.598402573591254736e+02 3.259509247682403384e+03 9.920572799425475807e+01 6.074229886773921407e+02 8.091718241760106878e+01 9.870947282106818932e+01
-3.687997279764014820e+03 2.924374476009079444e+04 3.518178959726896210e+03 5.308802800140241743e+03 6.939974877297950115e+02 7.849607086061239443e+02
-4.480757723132226715e+02 3.998165974482353704e+03 1.584974090393365600e+02 7.447710437103011145e+02 9.883498715336644125e+01 1.187992387675625707e+02
-1.194201806268881910e+03 1.063584721083801014e+04 4.420237449234580254e+02 1.978973116408376427e+03 2.613565199657708717e+02 3.082310879077463710e+02
3.515505826883877489e+02 -3.153389394407500276e+03 -1.173970368228791585e+02 -5.887328143536431071e+02 -7.779521402320294499e+01 -9.195110400044292476e+01
3.760988546851467049e+02 -4.369770780111443855e+03 4.248788085179568839e+02 -8.357888642133502799e+02 -1.105809150149497526e+02 -1.313597341228695257e+02
3.760988546851467049e+02 -4.369770780111443855e+03 4.248788085179568839e+02 -8.357888642133502799e+02 -1.105809150149497526e+02 -1.313597341228695257e+02
2.584197437137526776e+03 -2.925752486745956412e+04 2.472972368400979576e+03 -5.601551866297865672e+03 -7.427820749511354279e+02 -8.901367561614712258e+02
-8.660823603673056823e+02 8.036956145788396498e+03 1.452033607914731022e+02 1.509248205134384534e+03 1.978502383895052219e+02 2.264101935339152192e+02
1.366459329974775528e+03 -1.404515250775847926e+04 5.424718658231321342e+02 -2.669151643323923963e+03 -3.516537735484325253e+02 -4.107112854082378135e+02
-3.234755805381187770e+02 3.746500804869766398e+03 -3.723621581354180989e+02 7.188187911375397334e+02 9.427679720265932417e+01 1.081013907449229947e+02
2.026229547087947651e+02 -2.560553973481480625e+03 3.505794922241581162e+02 -4.951300253779996297e+02 -6.515840070031195808e+01 -7.575352915493714079e+01
-2.422962461939495370e+03 3.134292132252795636e+04 -4.647274933670597420e+03 6.061515875028834671e+03 7.958049871669325057e+02 9.163195003987231075e+02
-8.296396093224875585e+02 7.383309125611752279e+03 3.325298757562756577e+02 1.381727127498967548e+03 1.795707063089477344e+02 1.980828555805611302e+02
-2.269965410870250253e+03 2.173338775205962884e+04 -3.379956223498303824e+00 4.093865564304566760e+03 5.318090960480536751e+02 5.855147659472684154e+02
1.171051249085306836e+03 -9.435069915270045385e+03 -1.168815196821131394e+03 -1.727100740662691123e+03 -2.197331546237759028e+02 -2.197972746428149833e+02
-4.886119748644419815e+03 5.744319161152076413e+04 -6.430626209800992910e+03 1.103544631560964990e+04 1.430792080881457650e+03 1.562098207811603061e+03
-1.735254937973146980e+03 2.240402959598298185e+04 -3.428650789630381041e+03 4.345657447156641865e+03 5.656983083637157961e+02 6.284749327563667975e+02
4.184484404158210964e+02 -4.490790521790604544e+03 2.940760548754406045e+02 -8.594034892135294967e+02 -1.112912539622998338e+02 -1.208620170438799448e+02
2.588760838205141681e+02 -2.373714808982905652e+03 -6.449679056198520755e+01 -4.473445301908361671e+02 -5.765949136148741161e+01 -6.131796412161739340e+01
-3.238225090484170323e+02 3.490493066777902186e+03 -2.397476833066303072e+02 6.682375905958292606e+02 8.630202440303025924e+01 9.260267795009109193e+01
-1.844811679957640081e+03 1.831715196008056228e+04 -4.119433473273530808e+02 3.477023720079277609e+03 4.472050450739939151e+02 4.709589988756989669e+02
9.821111126125218789e+02 -1.207253916001079051e+04 1.615752228557652870e+03 -2.349626605796054719e+03 -3.043875729559609908e+02 -3.311163256840173972e+02
-3.234378400471530767e+03 2.904083988649752064e+04 1.254421307813629028e+03 5.444954900905403520e+03 6.937803209880274835e+02 6.990505915172209370e+02
-6.627333517980755460e+02 8.202033389286769307e+03 -1.147935921923575279e+03 1.592546129674678923e+03 2.053585338198255670e+02 2.188265569056128186e+02
-1.324810285234622143e+03 1.483988892161823787e+04 -1.389754019643071615e+03 2.857172318143259417e+03 3.652389566546161745e+02 3.738011411950662364e+02
-2.519822433970911106e+02 2.760524948164445959e+03 -2.246787071187111735e+02 5.310189482847067666e+02 6.786318646920074116e+01 6.936564608361300088e+01
-2.367065809571969112e+03 2.108659154179303732e+04 1.071524385026873915e+03 3.961859545632200479e+03 5.005777402997604213e+02 4.837402182842545244e+02
-2.367065809571969112e+03 2.108659154179303732e+04 1.071524385026873915e+03 3.961859545632200479e+03 5.005777402997604213e+02 4.837402182842545244e+02
-1.485942437757872767e+03 1.871960516751893010e+04 -2.889205477890317070e+03 3.652236981257571188e+03 4.670445992652275322e+02 4.788233396932285473e+02
2.317900838636908247e+03 -2.074695048630676320e+04 -9.779365216565292940e+02 -3.909273794086565431e+03 -4.943508558424891248e+02 -4.797755781872821785e+02
-4.612116450536908815e+03 5.350629239357298502e+04 -6.495961762812695270e+03 1.037494370596793487e+04 1.306545496747550715e+03 1.241344076434571434e+03
1.455045929400771684e+03 -1.297628218764455232e+04 -6.851972218732838655e+02 -2.451396813592562012e+03 -3.065584927614103776e+02 -2.806343054019283159e+02
-1.856065786550756093e+04 -2.245490173827412946e+03 -8.439101005095841174e+03 -7.269689769774009847e+02 3.054143445244880240e+03 3.315535631541167150e-01
-2.031652759211154262e+04 -2.334006616249257149e+03 -9.147132960642335092e+03 -8.175238731390667226e+02 3.311606401598115099e+03 3.793828144703318372e+01
-2.076798203988917885e+04 -2.818485377370256629e+03 -8.138278545412636959e+03 -7.855320301990908547e+02 3.477660854166103036e+03 -5.385695490759329829e+01
-2.490991397226716799e+04 -3.840801061047130133e+03 -7.737435733553215869e+03 -8.323912431114692936e+02 4.081733372318230067e+03 -1.782246411737506833e+02
-2.334543166544614360e+04 -2.571787822217702342e+03 -7.536263577274947238e+03 -1.053448545933370951e+03 3.695127796920972742e+03 2.236625166298680369e+02
-2.393057461878441973e+04 -3.060062803901322695e+03 -7.550853903420083043e+03 -9.914723081513252509e+02 3.903803313086746130e+03 8.035419747326496065e+01
1.010906596571033151e+04 3.064417813954971280e+03 4.398151313514307731e+03 -4.077228155152184286e+01 -2.110909767925061715e+03 6.971594799526931183e+02
9.575379173469749730e+03 1.788063229040203851e+03 1.558061900776134735e+03 1.559345577093142765e+02 -1.410038501626689367e+03 2.305349624164582565e+02
1.294261530414121808e+04 2.551281686376213656e+03 1.689276570218683901e+03 8.768508516009472942e+01 -1.924968138490571391e+03 4.754477834227436119e+02
-7.160532768038026916e+03 -1.377349030388144456e+03 -8.960348741208083538e+02 -6.802141684464803006e+01 1.061721575192181035e+03 -2.369972050251337521e+02
-8.452583424561877109e+03 -1.603480359877189358e+03 -1.046760392420361995e+03 -9.553465234958991914e+01 1.251155600105005760e+03 -2.595420891531749135e+02
-1.970289085818452440e+04 -2.358887540374735636e+03 -4.820252450658410453e+03 -9.236035230590703122e+02 3.103829078194355588e+03 2.375917876435595417e+02
2.306970905985087302e+04 4.411316189011971801e+03 2.434136606894978286e+03 1.727486630635239067e+02 -3.412301633912869875e+03 8.205774446433686080e+02
-6.104811624263370504e+03 -1.153712259307758131e+03 -6.488200055908649801e+02 -5.854305907786976348e+01 9.045135192058254461e+02 -2.011433278351205729e+02
-6.082667529161710263e+03 -1.135681536662527378e+03 -6.424609606546233636e+02 -6.984843157607093644e+01 9.004594486821036980e+02 -1.853912034257686798e+02
2.555319551343008425e+04 5.032714334864605917e+03 2.513197693713807894e+03 1.779347982152458840e+01 -3.734034837058056382e+03 1.117786841346096026e+03
2.285634740611256711e+04 4.286328654280029696e+03 1.987438308779517001e+03 1.732601517976994785e+02 -3.383515178454710622e+03 8.111274451585369434e+02
-9.445527071052469182e+03 -1.736938708294808748e+03 -8.255150692886209072e+02 -1.090914713507661844e+02 1.398449904454355874e+03 -2.871317364806993737e+02
-9.445527071052469182e+03 -1.736938708294808748e+03 -8.255150692886209072e+02 -1.090914713507661844e+02 1.398449904454355874e+03 -2.871317364806993737e+02
2.077396848124616736e+04 4.003856852256903039e+03 1.705400227837243165e+03 1.169559706667982901e+01 -3.037260897943419877e+03 9.127727708633367456e+02
2.496912020642107382e+04 4.514030374515943549e+03 1.315933216152334580e+03 1.946882955787453398e+02 -3.689299468309262920e+03 8.770256530259197234e+02
5.860517682729161606e+03 1.034117339412238834e+03 2.393078287104650315e+02 7.320196650331465094e+01 -8.660804654587429923e+02 1.705842699376912606e+02
2.164745938039993052e+04 3.750677076498900533e+03 2.890131915203566564e+02 1.707325787480810675e+02 -3.187165964445627196e+03 7.543938243989028933e+02
2.164745938039993052e+04 3.750677076498900533e+03 2.890131915203566564e+02 1.707325787480810675e+02 -3.187165964445627196e+03 7.543938243989028933e+02
1.357629195302481821e+04 2.341604083066667499e+03 1.221344500262731003e+02 1.012465394988789313e+02 -1.996412281973461177e+03 4.798616465124000570e+02
-1.382957282413829034e+03 -2.349038769168726333e+02 1.405952328686604424e+01 -2.390636723302793598e+01 2.023153046615996402e+02 -3.111017351684998999e+01
-2.405689228155271485e+04 -3.731419838902649190e+03 -1.843067618851899169e+03 -1.127943272803814580e+03 3.825588588746822097e+03 2.794465049743124041e+02
6.506479255941500014e+03 1.585103802012470396e+03 1.484966205760433922e+03 -4.032037090649794209e+01 -1.393277041318149713e+03 4.773651419843131407e+02
6.506479255941500014e+03 1.585103802012470396e+03 1.484966205760433922e+03 -4.032037090649794209e+01 -1.393277041318149713e+03 4.773651419843131407e+02
-2.206825769535380459e+04 -3.517364887613924111e+03 -1.074172460737414895e+03 -1.072314522319691605e+03 3.434321825310953955e+03 3.275504888831599715e+02
-2.094711867750764213e+04 -3.422635613272236697e+03 -7.074104298767325645e+02 -1.001646515552987239e+03 3.307825843746976716e+03 2.754680846435274475e+02
-2.271398577823981395e+04 -3.879140887492260390e+03 6.127286596416059439e+00 -1.041677219262592871e+03 3.674583375074193555e+03 2.148262693469229134e+02
-1.768944962387039413e+04 -3.086083569246437492e+03 2.757375984214306186e+02 -8.758908014293756423e+02 2.773619581464567091e+03 2.772072268634426564e+02
-5.859627524068240746e+03 -9.088522541443647924e+02 4.956945663156902810e+02 -5.964856666094883764e+01 1.054851035708781637e+03 -2.456474604954397591e+02
1.346076766329085149e+04 1.984831210788329827e+03 -1.138387028521973207e+03 -1.818525916868904302e+00 -2.381615234716900432e+03 7.298429927502754708e+02
2.026221545134407052e+03 3.064247957436967340e+02 -1.794979636345740914e+02 1.241101133631101661e+01 -3.627612523392394905e+02 9.487898510426528276e+01
4.387771965757963699e+03 6.512590042756562525e+02 -3.996215741446712855e+02 1.446007377865888266e+01 -7.805399257800243049e+02 2.198666339631039648e+02
-8.775036765676471759e+02 -1.326620705186213911e+02 8.116060162558051161e+01 -6.249716234676616189e+00 1.572192379174446444e+02 -4.000219409307889151e+01
-3.806974177343476640e+03 -5.754191249152170258e+02 3.553755633268569909e+02 -2.780891417550638067e+01 6.822819649517098242e+02 -1.727148067757691763e+02
-3.379210718928799179e+04 -6.219905078745206083e+03 3.305032344579309211e+03 -1.437376067865639698e+03 5.653109829031107438e+03 1.184433553701216368e+02
-1.445559102199080917e+04 -2.254826196746449568e+03 1.464874208512066389e+03 -2.105630979803470098e+02 2.594962012421878171e+03 -5.223601279154984240e+02
-1.008459671823567078e+04 -1.540713072444316140e+03 1.055210151538786931e+03 -1.173702904690267275e+02 1.810688186703722067e+03 -4.024292664971776503e+02
7.792171724423340493e+03 1.134240464382760820e+03 -7.943742108122075933e+02 2.399774595251386344e+01 -1.389857048956681183e+03 3.937494336191448383e+02
-1.814744647892620924e+04 -2.880589295094724093e+03 2.000402664040322634e+03 -3.395142772289800064e+02 3.263023903018691726e+03 -5.608856361759366109e+02
-2.897064978368326410e+04 -5.443627180912655604e+03 3.313891193851935896e+03 -1.265854364024153938e+03 4.821090350562614731e+03 1.524010897311082999e+02
-8.497315280064092804e+03 -1.715758520959890120e+03 8.974017629190650496e+02 -4.564034750846143993e+02 1.307415778041789963e+03 1.865522903642662129e+02
-3.287118285416964500e+04 -6.414389006071698532e+03 3.845267381622952598e+03 -1.584225955837960328e+03 5.322567194987079347e+03 4.079382525733816465e+02
-2.905190274874737952e+04 -4.840826737188235711e+03 3.889049300015311019e+03 -7.868221203596824580e+02 5.159722577424729025e+03 -5.660175878306843060e+02
-4.012641597137948111e+02 -8.447721701087280621e+01 5.084158558517733439e+01 -2.177740968652329556e+01 6.046464493369421689e+01 9.487598676751362703e+00
8.567973592965647185e+03 1.824815625317085960e+03 -1.094012503518732501e+03 4.726456957261030993e+02 -1.277261383283517716e+03 -2.166151157738966333e+02
-2.975231495662693123e+04 -5.533365419859964277e+03 4.249944289435825340e+03 -1.198160790479197658e+03 5.068095097314040686e+03 -9.955464520247289784e+00
-3.361553291768993222e+04 -5.221162598594779411e+03 4.930123662333224274e+03 -6.482257283621189572e+02 6.092440574353508055e+03 -1.028862315685752037e+03
-2.959636400854062595e+04 -4.868865191437756039e+03 4.347958745547858598e+03 -7.750517561287830404e+02 5.334868548660719171e+03 -6.346298473425626980e+02
-1.538650699861362409e+04 -3.140655081389460520e+03 2.264800896520395781e+03 -7.607279324733424346e+02 2.465992813809162271e+03 2.233324728338005514e+02
-2.971719335843747103e+04 -4.895291771879442422e+03 4.435213891144595436e+03 -7.862872706429000118e+02 5.363434887497828640e+03 -6.289319129766552123e+02
-7.794063021306178598e+03 -1.107563745788757387e+03 1.166782523756062574e+03 -7.420226738471187389e+01 1.414557378426533205e+03 -3.368425030114298693e+02
-1.855182692248041349e+04 -3.953236684670896011e+03 2.875843883891535370e+03 -9.704021647018965950e+02 2.887546932386394928e+03 3.637388350073765082e+02
-1.364224592658374058e+04 -2.035632978600704519e+03 2.184652261058002296e+03 -2.179533102479593936e+02 2.472873676465242625e+03 -4.755785025737853857e+02
-1.450855980085904775e+04 -2.137094575305799026e+03 2.352919150937134418e+03 -2.156182888872142485e+02 2.635857918344063819e+03 -5.283627305328782313e+02
-1.547177340022372664e+04 -2.280534682752386743e+03 2.619453991278914600e+03 -2.414431789134031590e+02 2.808089436772229419e+03 -5.478202735007961337e+02
-1.641850351705347202e+04 -2.405920802767971963e+03 2.828487305040767296e+03 -2.514427895856204316e+02 2.981456756427487562e+03 -5.879411166822643509e+02
-2.575864657334685398e+04 -4.046794539363587774e+03 4.897519642784457574e+03 -5.900135704374880561e+02 4.640307339894028701e+03 -6.600136176884755059e+02
-2.915834493659111104e+04 -4.860122016534253817e+03 5.753721422980062925e+03 -8.212135624392340105e+02 5.173508468887201161e+03 -5.260773248711011547e+02
-2.843492572954843126e+04 -5.775451661096099997e+03 5.484419804125998780e+03 -1.290838897493067407e+03 4.724036528994973196e+03 2.141228887562499210e+02
4.977066950924703633e+03 1.138807317079539416e+03 -9.280506176639189562e+02 2.714118855070676091e+02 -7.568027943134385396e+02 -1.172566884208171416e+02
8.745748576316804247e+03 2.016850180780753362e+03 -1.660504017885006988e+03 4.788653811327663448e+02 -1.326777840774201877e+03 -2.094741735144322945e+02
-2.834525531664857408e+04 -5.737602297858691600e+03 5.727200938160795886e+03 -1.260637644257350985e+03 4.728385112439716977e+03 1.740224414259677985e+02
-1.647152455001035560e+04 -2.359484614789625994e+03 3.376068887728421487e+03 -2.636214136311139669e+02 2.985466853321942381e+03 -5.735312689019856407e+02
-2.045352591749641942e+04 -2.993355769626470192e+03 4.228505109353573062e+03 -3.648161065361540523e+02 3.707899531329838737e+03 -6.642988618808969932e+02
-1.718576571928578051e+04 -2.504533696363246236e+03 3.601000121612884868e+03 -3.036686446830009345e+02 3.113372117339655688e+03 -5.611900272220026409e+02
-1.838321410332210507e+04 -2.606405086834329268e+03 3.855357009882868169e+03 -2.857502810160657987e+02 3.328943436955908055e+03 -6.500437019659318594e+02
1.222396728853327295e+04 2.906623565457244695e+03 -2.520176516623629141e+03 6.799566612930955216e+02 -1.854174175819020093e+03 -3.065303588132988466e+02
-1.611626863421583403e+04 -2.332744311589973677e+03 3.563110670580014357e+03 -2.878349837334305903e+02 2.918113256929708314e+03 -5.218717086696617571e+02
-2.022282575675343469e+04 -2.987510626524845520e+03 4.441578669233632354e+03 -3.919800790989764891e+02 3.676456280559145853e+03 -6.198210806640597639e+02
-1.821922068877341007e+04 -2.613627417843896637e+03 4.127561912184078210e+03 -3.194056907308708446e+02 3.297847431372918436e+03 -5.973383456495180326e+02
-2.175625202920622178e+04 -3.153245794819571984e+03 4.956628753536087061e+03 -4.002071194107020347e+02 3.949719919359867617e+03 -6.927327103619594482e+02
-1.944030488410197722e+04 -2.766166006479109910e+03 4.620380016926254029e+03 -3.420940707194752122e+02 3.515453029823368070e+03 -6.346828629041184513e+02
-1.575716977392508306e+04 -2.189625523262866864e+03 3.791142445840993332e+03 -2.555791797498726510e+02 2.853033468909472504e+03 -5.434015904282423435e+02
-1.666677227883437081e+04 -2.308222759388278064e+03 4.075306247419275223e+03 -2.698078940655119595e+02 3.007630746072614329e+03 -5.723594927154681500e+02
-1.862084029077675950e+04 -2.635301831319342000e+03 4.636181671680625186e+03 -3.330731017584345182e+02 3.371782079848675949e+03 -6.023769532940259523e+02
-1.823954124036369467e+04 -2.574115449754068777e+03 4.617200903805107373e+03 -3.272897557460946700e+02 3.305612495078753454e+03 -5.895888374313442455e+02
-1.635433533245947183e+04 -2.249700934352305012e+03 4.146227408271026434e+03 -2.675616273219551431e+02 2.961836150750229990e+03 -5.612544238664582963e+02
-2.108747842419036897e+04 -3.072535572207684709e+03 5.474863443515709150e+03 -4.273731383590771884e+02 3.822562895371013383e+03 -6.190147610108940626e+02
-2.039243617867597322e+03 -4.874541524261846916e+02 5.109586119781322395e+02 -1.079467655231142373e+02 3.215777155427626894e+02 4.034921569428266253e+01
-2.577800655229466065e+04 -3.703075508482865644e+03 7.025812573887016697e+03 -5.115267945693194633e+02 4.651764463565301412e+03 -7.642740115188342997e+02
-1.943475604908743480e+04 -2.753002716690046782e+03 5.554843612339753236e+03 -3.798942489746202114e+02 3.501885422474281313e+03 -5.820108638422503873e+02
2.498868982926454191e+04 6.478063376125922332e+03 -6.755958188499555945e+03 1.409474458220559200e+03 -3.830272127988491775e+03 -6.394429816342055801e+02
-2.309184951848570563e+04 -3.257537453175762039e+03 6.744763056703628536e+03 -4.525636724813362548e+02 4.167466020894236863e+03 -6.920324179909092663e+02
2.024482851538528485e+04 5.282008925295032896e+03 -5.481414663929240305e+03 1.151987379006979609e+03 -3.102422331948736428e+03 -5.312186001114662304e+02
-1.469403016645543903e+04 -2.052640694355847700e+03 4.364732680586938841e+03 -2.834330051725660269e+02 2.654732794708471829e+03 -4.470684986838248847e+02
-2.253334722946758120e+04 -3.382098379966564153e+03 6.795087644233512947e+03 -5.226884094710042064e+02 4.047033930909061837e+03 -5.652187153841973668e+02
-2.598763693040208091e+04 -3.875698476172360188e+03 7.884292903029041554e+03 -5.989712435905679513e+02 4.699462937841678468e+03 -6.665840095006456067e+02
-1.419762538207158286e+03 -1.573110448664553473e+02 4.313159238080224895e+02 -1.238950779516398271e+01 2.546534022959973811e+02 -6.188305241560203029e+01
-1.897566451244179189e+04 -2.680886890367606156e+03 5.983417983251640180e+03 -3.877319664763555238e+02 3.411162455128390775e+03 -5.442358668705425089e+02
-1.890826308675811379e+04 -2.671400922635963980e+03 6.004309110307520314e+03 -3.892163151219621113e+02 3.411877639032389197e+03 -5.425487397681415587e+02
-1.986550345428862784e+04 -2.873951609207977526e+03 6.453311934215175825e+03 -4.355991880803924232e+02 3.574949455460772697e+03 -5.328161324414844557e+02
-1.636349758547797865e+04 -2.347312426014227185e+03 5.334724804228140783e+03 -3.524379560636084534e+02 2.944379303452921249e+03 -4.469584538151747211e+02
6.723812671648718242e+04 2.971344783138807088e+03 -2.070880600829749164e+04 -9.989751470304722716e+02 -1.135906477482789705e+04 4.752311393620663694e+03
-2.101098332275026405e+04 -3.174553753020181830e+03 7.625106548556993403e+03 -5.203665843383853371e+02 3.770381062183396352e+03 -4.836907215165702496e+02
3.990582478576162248e+04 2.103868092494854409e+03 -1.439977977247190393e+04 -2.280520426900480118e+02 -6.734094637290664650e+03 2.349824776897624815e+03
-1.477335764953527359e+04 -3.323802447095565640e+03 5.418433481121324803e+03 -6.554801619809534259e+02 2.508936222870477195e+03 7.509849221066855307e+01
6.743549960907282366e+04 2.548217453879007735e+03 -2.412607968399141100e+04 -7.012314697610759140e+02 -1.121321916995545871e+04 4.325519554292882276e+03
-1.154219186802571130e+04 -1.465329718683279452e+03 4.332787219115968583e+03 -2.052365246248443782e+02 2.068652170558200851e+03 -3.684272661751007831e+02
-1.806078652277166111e+04 -3.859084609016393188e+03 6.857448693997355804e+03 -7.418803690066728223e+02 3.087978799091324618e+03 9.139029890856063432e+00
-2.641554228363195944e+04 -3.890052181453311732e+03 1.008742582660785411e+04 -6.323670160738964796e+02 4.737580714556665953e+03 -6.353546019274714354e+02
-1.166107489093712502e+04 -1.487845687084196925e+03 4.459577205887818309e+03 -2.122669496945232481e+02 2.089458432100628670e+03 -3.657573280064004848e+02
1.989045109728110447e+03 1.962103155058037203e+02 -7.901463176244076294e+02 2.090809744711248186e+01 -3.567488716278554648e+02 8.213391069443407844e+01
-1.161520527127832975e+04 -1.449772394314132725e+03 4.717092163882358363e+03 -2.107553650093038584e+02 2.077800351798233805e+03 -3.641367104564842521e+02
-7.978659292282147362e+03 -1.970886984477238229e+03 3.196644865949378072e+03 -3.819259189284375680e+02 1.331887760276433710e+03 8.346326817017416033e+01
-4.115304579939653195e+03 -4.613286642264043849e+02 1.681047525561654993e+03 -6.074972718087542489e+01 7.372246317841789960e+02 -1.472089457740020180e+02
-2.234004683268554800e+03 -2.538791369760917291e+02 9.199891462996145037e+02 -3.418326497651436569e+01 3.999403130703899478e+02 -7.828499805514776710e+01
-4.962059753340472525e+03 -5.538211953462922565e+02 2.063808115125750192e+03 -7.395677311953897970e+01 8.881428617632436726e+02 -1.763546236140084318e+02
-7.516322382122691124e+03 -9.275568290562722495e+02 3.146194690105509835e+03 -1.364438996822972285e+02 1.345205098434073534e+03 -2.357523297544454692e+02
7.145854918358675604e+03 6.105659095774922207e+02 -2.958974815747712000e+03 5.487806288265733201e+01 -1.271243882103241049e+03 3.178729813660922900e+02
1.468675574148389387e+04 4.397246896850397206e+03 -5.894730455457026437e+03 8.925122845596418983e+02 -2.452010163969920541e+03 -3.967872656209894444e+02
1.444003393346513440e+04 4.328343915688824382e+03 -5.838076258165845502e+03 8.771982537142893079e+02 -2.415701209712677610e+03 -3.882184942226329554e+02
-2.311830792077341903e+04 -5.751004394195550958e+03 1.007982250173936154e+04 -1.156486485274991082e+03 4.131743873513977633e+03 2.225692333472974269e+02
-1.837066956785533694e+04 -2.594576468090549952e+03 8.361029393380400506e+03 -4.590625539478878636e+02 3.493575178863860401e+03 -4.778368013374442853e+02
9.436742030466901269e+03 2.840796166276826170e+03 -4.101686975882036677e+03 5.621630487245898848e+02 -1.598220564663570940e+03 -2.334937554119347851e+02
2.796224722104183820e+04 1.340842112475436807e+03 -1.225546689894004703e+04 -2.017883516211669104e+01 -5.213866364418682679e+03 1.618577236836038765e+03
-1.805698402955484562e+04 -4.590034229263993439e+03 8.173255623606859444e+03 -9.131670422609008710e+02 3.224965167455234678e+03 1.871902760713793725e+02
1.343907455597956641e+03 1.208225230647681059e+02 -6.136278153221830962e+02 1.565092644533912747e+01 -2.548984416837787137e+02 5.777092220741683803e+01
-2.175517715699576729e+04 -3.090092564170349306e+03 1.011512086018999980e+04 -5.531665754984542218e+02 4.149138393614549386e+03 -5.572808198718882977e+02
1.685308074517182104e+04 5.067354570595835867e+03 -7.472417859223225605e+03 9.959159626637469955e+02 -2.863622944351498063e+03 -4.038012292130864012e+02
-5.282301195580515923e+03 -5.334407217095653095e+02 2.475056020279790573e+03 -7.947226576898069084e+01 1.005040321150779732e+03 -2.049823743741895328e+02
2.185255527393154625e+04 6.783402316750394675e+03 -9.823777730380277717e+03 1.318634533364416939e+03 -3.681403361413637413e+03 -5.682982309196912638e+02
-2.658843837732031534e+04 -4.859044824507825069e+03 1.285481841620664636e+04 -9.245695788047653423e+02 4.955171757403582887e+03 -3.266948329988916271e+02
-2.658843837732031534e+04 -4.859044824507825069e+03 1.285481841620664636e+04 -9.245695788047653423e+02 4.955171757403582887e+03 -3.266948329988916271e+02
2.431906691055906049e+04 7.657605635266531863e+03 -1.090412943834598445e+04 1.493266230748037060e+03 -4.096464650406970577e+03 -6.657006619671992667e+02
2.079577178386558080e+04 1.107330060541074999e+03 -9.626146444498235724e+03 5.025827335197399748e+01 -3.900816123426815466e+03 1.127055260691824742e+03
-1.263717211893366402e+04 -2.928319958732835858e+03 6.076167441254924597e+03 -5.707945231934202184e+02 2.296436737499773244e+03 3.129174137080831031e+01
-2.981995899515774909e+03 -8.304255929357241257e+02 1.395189883519323303e+03 -1.625813409856554017e+02 5.235092949962780722e+02 4.880485314829388699e+01
-2.452196364169175649e+04 -4.077226141221819489e+03 1.191533353288284525e+04 -7.685458008607173497e+02 4.637817405955411232e+03 -4.300549784763450134e+02
-2.640437580404757318e+04 -6.046965179354282554e+03 1.275196631963912841e+04 -1.182409797552001692e+03 4.829474399962912685e+03 4.271465978380431494e+01
-1.899043285457859020e+04 -2.622702790942044430e+03 9.264985129349659474e+03 -4.700458414982303452e+02 3.612254336607135883e+03 -4.999892994511374127e+02
-2.296997717750354059e+04 -4.527121069696284394e+03 1.135917476859814087e+04 -8.679734753245635375e+02 4.255790829987864527e+03 -1.857135621363703137e+02
-2.018387013740097245e+04 -2.904567029758653007e+03 9.893748808418598855e+03 -5.283867035442408451e+02 3.838895483173909270e+03 -4.943235618160787794e+02
-1.807953133776924733e+04 -2.623113298061108253e+03 8.915667567367187075e+03 -4.780729762858936169e+02 3.431353770634408193e+03 -4.344247159706916364e+02
-1.771432390976229726e+04 -2.520602995544753867e+03 8.730474501479508035e+03 -4.579080850633790192e+02 3.371959946444389971e+03 -4.421692774230795067e+02
1.780236187364831494e+04 1.042453444170095963e+03 -8.605321135926817078e+03 8.905748364664836458e+01 -3.338780063752523802e+03 9.055608890030890734e+02
1.780236187364831494e+04 1.042453444170095963e+03 -8.605321135926817078e+03 8.905748364664836458e+01 -3.338780063752523802e+03 9.055608890030890734e+02
1.341131363280096775e+04 8.916000426570933541e+02 -6.486856141659406603e+03 9.405501696883786167e+01 -2.533166892860027019e+03 6.530556705742372969e+02
-1.686823345787682774e+04 -2.186275451431709826e+03 8.395694666814355514e+03 -3.867264565595199883e+02 3.213054727198821638e+03 -4.850110644136283327e+02
-8.494231593070560393e+02 -7.952256977882039735e+01 4.180475322191090868e+02 -1.198764296006171648e+01 1.616299632202027396e+02 -3.398323439645642452e+01
2.009165864057439103e+04 1.117489331383662147e+03 -9.809669188346384544e+03 9.162044341377099954e+01 -3.766145908636926379e+03 1.032817380055287686e+03
2.953835812760576664e+04 1.018472311686339253e+03 -1.418921037869147585e+04 -3.349123137257299021e+01 -5.485245883166304338e+03 1.718565457708727990e+03
4.135859730980839231e+04 1.138163549648163553e+03 -1.983859867785098686e+04 -1.192412420893389822e+02 -7.628746165044902227e+03 2.483422309814212440e+03
-1.984955675403074565e+04 -2.923505972712720450e+03 9.982565877785980774e+03 -5.386375757669759423e+02 3.776018702166700677e+03 -4.619567109720146050e+02
-1.258368215300196971e+04 -1.474143150873452441e+03 6.327494519053846489e+03 -2.520665155361493817e+02 2.389770194656371586e+03 -4.063987879075290266e+02
-2.118013584842832643e+04 -4.286529307382492334e+03 1.080593829604041457e+04 -8.231636223590851387e+02 3.933381011952700646e+03 -1.447540031572688974e+02
2.967211748236108906e+04 1.358779026218339823e+03 -1.463031362741640987e+04 7.254177134403711591e+01 -5.517681223074517220e+03 1.592349235246986837e+03
4.204828606229415163e+04 9.554482898563347817e+02 -2.033344871619129481e+04 -1.580821935243802443e+02 -7.736694721875122013e+03 2.566260848935322429e+03
8.911305503760411739e+03 6.626388394170541005e+02 -4.455432555909375878e+03 8.671085459644834259e+01 -1.683681749516515765e+03 4.029931032970096112e+02
-1.922797462147495389e+04 -2.597886427266916144e+03 9.768879597498049407e+03 -4.697845530414184054e+02 3.666845630313815946e+03 -5.170006586416309347e+02
9.842178267555376806e+03 7.077630896742974755e+02 -4.932983244339830890e+03 9.045917419815856420e+01 -1.856643766748901271e+03 4.510154894814454565e+02
-3.719116370869218372e+03 -3.775938866992176486e+02 1.888299010651939170e+03 -6.136362149281443124e+01 7.059301667914991185e+02 -1.368613614241491518e+02
2.919224264929185301e+04 9.517205853365080657e+02 -1.430028457064017311e+04 -2.741896592121149823e+01 -5.437755528126066565e+03 1.696263132467774540e+03
-1.405690931258297860e+04 -2.051954655092251869e+03 7.236915388534905105e+03 -3.780201081384510076e+02 2.666922823022554894e+03 -3.293621110470537019e+02
3.707664147151666111e+04 1.035447720508197563e+03 -1.821769251917950896e+04 -7.247106444026127292e+01 -6.857804118790721077e+03 2.187880688936679235e+03
1.645971237914008816e+04 8.939907052535537559e+02 -8.294683381193191963e+03 8.423883891458969231e+01 -3.081547241827011021e+03 8.331705016680309654e+02
1.576426028780205888e+04 9.786368992403955644e+02 -7.973155909938805053e+03 1.113963367416335899e+02 -2.964392631435550811e+03 7.625189142133290261e+02
-2.155948865299446697e+04 -3.263484857597034988e+03 1.120335341128541040e+04 -6.079647067085053322e+02 4.095980370683047113e+03 -4.706933801272479059e+02
-2.155948865299446697e+04 -3.263484857597034988e+03 1.120335341128541040e+04 -6.079647067085053322e+02 4.095980370683047113e+03 -4.706933801272479059e+02
4.315856338760431390e+04 7.535405350243456724e+02 -2.128472032532184676e+04 -1.861030423677046315e+02 -7.936691887316455905e+03 2.663326587944641233e+03
-2.006614570817016283e+04 -2.984921046627969645e+03 1.041917820310279785e+04 -5.553642312921354005e+02 3.822151198960145848e+03 -4.545752075065631175e+02
3.225949273676862867e+04 1.088859215361642100e+03 -1.638435832422515887e+04 1.660255953249123806e+01 -5.977151137936875784e+03 1.804517059080827721e+03
-1.830177793679500610e+04 -2.798737709515302868e+03 9.620112477047656284e+03 -5.253136400589410187e+02 3.490211938767257379e+03 -3.917568994469338008e+02
