-3.049609009298681599e+02 1.492444861016467485e+03 3.612198634419450514e+02 1.620118800035316156e+02 2.310098407499427964e+01 8.548031939322851258e+01
-3.049609009298681599e+02 1.492444861016467485e+03 3.612198634419450514e+02 1.620118800035316156e+02 2.310098407499427964e+01 8.548031939322851258e+01
-6.314375553417340825e+02 2.635914074515081666e+04 -7.908438438468938330e+03 4.442473839585042697e+03 4.955730085056066514e+02 9.509563702506503660e+02
-1.385066647524908149e+03 -1.323847543952289016e+04 4.521444923861568896e+03 -1.868286648428835861e+03 -2.931546118422609197e+02 -1.256097634481970090e+03
-1.778181178379251151e+02 1.161146827712489539e+04 -3.746802060201588120e+03 2.066180681361684492e+03 2.330440878880270077e+02 4.680973313111103948e+02
1.434373501659688372e+03 -6.977464967949823404e+03 -1.674930892451555110e+03 -7.515328294657126662e+02 -1.081124309081420733e+02 -4.061475550952201274e+02
-2.264304116479688957e+02 6.521238731303105851e+03 -2.045160869364158998e+03 1.167619873955868570e+03 1.247992270822837071e+02 1.948497075295018135e+02
2.018467406508054410e+03 -1.107503607168702183e+04 -2.126119539916924168e+03 -1.198144746504153318e+03 -1.722074720625353734e+02 -6.459650842554009387e+02
2.007234338526786132e+03 -1.393914620451980409e+04 -1.388414638641371994e+03 -1.376338025189376594e+03 -2.101301215517544847e+02 -8.664209794616983800e+02
-3.255196586509106965e+03 1.262035890559371728e+04 4.528310307076238132e+03 1.263734343101772765e+03 1.794259099328295122e+02 6.590119965190602898e+02
2.647693143798248002e+03 -1.416468888540185981e+04 -2.830981900315462553e+03 -1.534671285877662058e+03 -2.215258883844944080e+02 -8.369973160324339005e+02
4.943252532028492169e+03 -2.461540523412148104e+04 -4.886388106964906001e+03 -2.444031990391847557e+03 -3.791199322363544866e+02 -1.598979506345266373e+03
-3.307669681493743497e+02 2.189112189336115989e+03 2.857385933207818312e+02 2.326763872308427210e+02 3.303622851333805244e+01 1.213427967503459968e+02
-3.307669681493743497e+02 2.189112189336115989e+03 2.857385933207818312e+02 2.326763872308427210e+02 3.303622851333805244e+01 1.213427967503459968e+02
-2.092430550855254751e+03 1.782251519637840101e+04 1.115815166487159786e+03 1.792970843700853038e+03 2.471260013319816835e+02 8.598158027419812015e+02
1.172808641955656640e+03 -6.327606887463302883e+03 -1.245762060424715628e+03 -6.827321304605524119e+02 -9.848851586814626557e+01 -3.717288925641547053e+02
6.760001676142140923e+02 -3.635535478130591855e+03 -7.198663567252580151e+02 -3.923296956691773971e+02 -5.660916702635291387e+01 -2.137448595225593522e+02
-2.579755647104738046e+02 1.436492242064032098e+03 2.674361438844675831e+02 1.542991344358701724e+02 2.219126363956356585e+01 8.333085096925373136e+01
9.721897490620947337e+02 -5.317271837846130438e+03 -1.015080659342300464e+03 -5.717861609760054762e+02 -8.264537779644312820e+01 -3.129539027126910469e+02
-2.070524082958468171e+03 1.778600676783946619e+04 1.056643122874146229e+03 1.783863286102588290e+03 2.475273283548083896e+02 8.721858603869777653e+02
5.976119582674592493e+03 -3.177557564852922224e+04 -5.139793875372401089e+03 -2.985363572063418360e+03 -4.856185657466688212e+02 -2.180737922517046627e+03
2.344875760874199386e+02 7.174069428162855729e+03 -2.819437268778494399e+03 1.372792161202917896e+03 1.674769539486980534e+02 4.387160046093157462e+02
-1.733228598896025403e+02 9.826332828559345216e+03 -3.143919520355559598e+03 1.767248529726320157e+03 1.983041889372435662e+02 3.900337923878564652e+02
5.385770832670198160e+02 1.244261830867519348e+04 -5.469525326584878712e+03 2.608469199980248504e+03 3.154659567778058431e+02 8.057246616493126794e+02
-1.034668042528548767e+03 5.885958066823000991e+03 1.109877560394684906e+03 6.485778407696678869e+02 9.091513278396755027e+01 3.263950950806786295e+02
1.018150259947580594e+02 -7.111855666176963950e+02 -6.860702418019090487e+01 -6.922505213389553091e+01 -1.066229685771067359e+01 -4.452242090265050223e+01
3.005201672493354863e+02 8.279901074601943037e+03 -3.302259970386817258e+03 1.580965553367551593e+03 1.937171630153715114e+02 5.137673022059261712e+02
1.139098969871628015e+03 -6.306223467020973658e+03 -1.152850342319743049e+03 -6.673478246004032144e+02 -9.735508005976761581e+01 -3.743233421352092023e+02
6.217263770253480715e+01 1.721978431653059260e+03 -6.827254699600122194e+02 3.289047800001262658e+02 4.035583395666969864e+01 1.074383429718853762e+02
2.126796734246971482e+03 -1.139533395187847964e+04 -2.202671786007054834e+03 -1.210703275852594061e+03 -1.773474186113204212e+02 -6.864300108644034708e+02
1.189639162927086957e+01 2.058332993891395745e+03 -6.089222924453865744e+02 3.217319196679868583e+02 3.969511879119441033e+01 1.073117530944015527e+02
1.189639162927086957e+01 2.058332993891395745e+03 -6.089222924453865744e+02 3.217319196679868583e+02 3.969511879119441033e+01 1.073117530944015527e+02
3.935150576579025710e+03 -2.128878977845850386e+04 -3.644506025199174474e+03 -2.135947429033031767e+03 -3.299500289678538820e+02 -1.383479970005403175e+03
-4.212170681236487326e+03 5.404474178671401751e+04 -1.036860124774637916e+04 7.807034162841969192e+03 7.466350946663269497e+02 4.156640901363302305e+02
3.086874598570980652e+03 -2.052205939110758845e+04 -1.865142152186664589e+03 -1.791174993441543847e+03 -3.088257666231497183e+02 -1.484833384690483399e+03
5.435930019997565068e+03 -2.534110634641571960e+04 -5.524518933500997264e+03 -2.476166287854596249e+03 -3.890142986573162602e+02 -1.669607420212481429e+03
6.867420527786633784e+02 6.067036305954568888e+03 -2.430269356574325229e+03 1.033119766180962188e+03 1.524295728610502465e+02 5.968102454194289521e+02
4.034953554741649896e+03 -2.003931595556368484e+04 -4.027909009680099189e+03 -1.996310743672338276e+03 -3.083690977767699337e+02 -1.292928603997049777e+03
-1.600977677871661911e+02 5.422869619575410070e+03 -1.920137939606316422e+03 9.781830160568247265e+02 1.039955616981130930e+02 1.576194022287880898e+02
2.718586434893160799e+02 6.391557623933274044e+03 -1.858678895275588275e+03 8.866611029080279422e+02 1.243931202679632264e+02 4.472646365851263681e+02
-9.544991830088423512e+02 -9.663224547810701551e+03 3.112675399513285811e+03 -1.287681086215425466e+03 -2.053125208845599161e+02 -8.986914083258519668e+02
1.067711860043138046e+02 1.426502104522857735e+04 -4.334382727660185083e+03 2.233833243736708937e+03 2.748261783795762199e+02 7.371705058172404961e+02
4.532592386011369854e+03 -2.478036491785118051e+04 -4.170349791951307452e+03 -2.487033969350748521e+03 -3.834465910216594011e+02 -1.603432300314394297e+03
4.532592386011369854e+03 -2.478036491785118051e+04 -4.170349791951307452e+03 -2.487033969350748521e+03 -3.834465910216594011e+02 -1.603432300314394297e+03
-2.189506827712751544e+02 -3.976324447321936987e+03 1.233507373411478056e+03 -5.832860968049743633e+02 -8.278585604160672062e+01 -3.038736609384354779e+02
2.690379599830827829e+03 -1.319822947029013812e+04 -2.937071792734065184e+03 -1.379482129549205183e+03 -2.043885133753839511e+02 -8.055405689764195358e+02
1.389467583822362826e+02 2.277107178322604796e+03 -9.699075580955420719e+02 4.458932781032597177e+02 5.668501787299911143e+01 1.656071666488808205e+02
1.102995735916667144e+02 3.658156421919319200e+03 -1.368080696126752173e+03 6.684988433554574385e+02 8.227978213183716605e+01 2.209605601164049631e+02
1.304489839716663013e+01 -2.946084780129358478e+03 9.156038826781575608e+02 -4.890018399625841994e+02 -5.755949455829107819e+01 -1.350838266482982135e+02
3.685225714834441533e+02 1.084919570399173972e+04 -4.676001085629524823e+03 2.263140981866757102e+03 2.695892972132080558e+02 6.575019206235211868e+02
6.685176352014718759e+03 -3.122244528218081905e+04 -6.527287831664749319e+03 -2.957645363498345432e+03 -4.751318296030136139e+02 -2.100093124120707216e+03
4.178011899659681916e+01 1.234633632536161349e+04 -3.675059549881782004e+03 1.926996681418683920e+03 2.354436794022828963e+02 6.194176831595613066e+02
-4.482525261889610988e+02 -8.746872534097741664e+03 2.529088800041770355e+03 -1.177867293788889810e+03 -1.706235383084402599e+02 -6.484754584353997870e+02
-1.216564183736041258e+02 -3.117473369670566171e+03 1.183791439571102956e+03 -5.737677024221264901e+02 -7.190137783407222116e+01 -2.025937070807439966e+02
5.897263550032518964e+01 1.544219291231470606e+03 -5.835078127493495685e+02 2.832472228738679405e+02 3.547652219971308796e+01 9.982643905822746433e+01
2.524865222400020230e+03 -1.351805648489286068e+04 -2.483776569648142413e+03 -1.395380947443216655e+03 -2.098374482568917756e+02 -8.460776146070102186e+02
4.545266322549584856e+02 8.350400737137728356e+03 -3.374068935440218411e+03 1.564750163139535744e+03 1.994824770936795630e+02 5.868214305740849568e+02
-2.052239870751684805e+02 9.244035313532071086e+03 -2.967875699911307493e+03 1.686173332364091266e+03 1.864646692276290025e+02 3.444367024419444760e+02
2.992048330525994061e+03 -1.960823216220461836e+04 -2.388611685060691798e+03 -1.996532392605657606e+03 -2.964568002542857243e+02 -1.172371425332845774e+03
-1.316131478661483470e+03 -1.180261843474056695e+04 3.825754697921838215e+03 -1.551681909255472647e+03 -2.562991859328287774e+02 -1.172795299376457706e+03
-5.799553027774243930e+01 -4.192681998168161044e+03 1.338897742111704702e+03 -6.812402674762403194e+02 -8.416398963211649686e+01 -2.283644279238201875e+02
5.491273573333275948e+01 9.068010207736486336e+03 -3.811669128253898634e+03 1.896025013062040671e+03 2.132410034248286479e+02 4.233724001671745327e+02
2.919836053921362473e-02 4.361636374764221280e+00 -1.369849386157954152e+00 7.194211398580314665e-01 8.740096559561874590e-02 2.262144567196675560e-01
-1.421998753392726655e+02 5.713723317657136249e+03 -1.834957367512646897e+03 1.038012749511858374e+03 1.138496865993399894e+02 2.025545459168398281e+02
-1.255847359760372228e+03 -7.225783190540953910e+03 2.701780258776466781e+03 -9.821992468607076034e+02 -1.764361304164971784e+02 -8.858492217067567935e+02
-1.421998753392726655e+02 5.713723317657136249e+03 -1.834957367512646897e+03 1.038012749511858374e+03 1.138496865993399894e+02 2.025545459168398281e+02
4.623826338188807313e+03 -2.591327339872783705e+04 -3.959813257985198106e+03 -2.527992816542217497e+03 -4.001402165391705239e+02 -1.734699010356760482e+03
-5.056176178567736912e+01 1.998783241756470261e+03 -6.385738402513760548e+02 3.630971895477021576e+02 3.981607308839075898e+01 7.076692747231092540e+01
2.294744411652683880e+02 1.563305237012419411e+03 -5.578284465530373382e+02 2.090947842150614520e+02 3.601163482001017968e+01 1.729347671344176547e+02
-4.244817807126669891e+02 -1.156748432600721026e+04 4.127097409183416858e+03 -2.008157400081049673e+03 -2.554278902116943470e+02 -7.472258250004606452e+02
1.757052691837200342e+01 1.512362535694051076e+03 -4.786230798140235265e+02 2.459823097634734097e+02 3.027054155940515656e+01 8.125150221561328578e+01
2.545679703726272294e+02 8.036800669360478423e+03 -2.824739200075814097e+03 1.394221105901900955e+03 1.758070389267652160e+02 5.033134280507126164e+02
1.786179257981312730e+03 -8.821903309678953519e+03 -1.830126254824544731e+03 -8.889901384925087768e+02 -1.357311974365478591e+02 -5.596914307206972126e+02
-1.731109475030125111e+02 4.912168016108612392e+03 -1.693121000940084514e+03 8.781899200861554391e+02 9.228300600590105773e+01 1.305772997899186407e+02
4.339598815125077635e+03 -2.040682756722690101e+04 -4.760948421913562015e+03 -2.103338348604709608e+03 -3.159973258509284619e+02 -1.272282501583549674e+03
-2.593133844892490742e+04 -2.534441117519091222e+03 -1.549084579059915541e+03 -6.549369397344459003e+02 3.435993570249226195e+03 4.119836414400628541e+02
-2.593133844892490742e+04 -2.534441117519091222e+03 -1.549084579059915541e+03 -6.549369397344459003e+02 3.435993570249226195e+03 4.119836414400628541e+02
-1.182220530914750498e+03 -4.329885760463456279e+01 2.400018833696794047e+02 7.928173543857681693e+00 1.858200118087086992e+02 -7.236702688546657214e+01
2.983059965521311096e+04 5.324391345548542631e+03 5.164802883202961311e+03 -3.219331190266621547e+02 -5.370405065938716689e+03 2.294112523267751385e+03
-2.253488679176740334e+04 -8.343856781534750553e+02 4.288284404625260322e+03 1.934243767061950905e+02 3.710253317137576687e+03 -1.521636538728344021e+03
-2.520498053802694631e+04 -2.412090724373568719e+03 -1.783230870612618901e+03 -6.360661005332234481e+02 3.349565326697197179e+03 3.963876105986297489e+02
-3.117513864952890799e+04 -5.752206549414261190e+02 7.472201928945708460e+03 2.608524188023702663e+02 5.043061733240579997e+03 -2.063757619668790539e+03
-2.579562365454831524e+04 -2.555208868655364313e+03 -1.833989454309312350e+03 -5.962469923646070811e+02 3.503731527601226389e+03 2.637667417130377885e+02
6.032943457941440101e+03 6.091407289489571895e+02 9.307044793172857453e+02 1.096193568683289357e+02 -8.272083001284554484e+02 5.742577090668675943e+00
3.491285673797538766e+04 3.264123784869721476e+03 1.781702093211456031e+03 9.516386953243535345e+02 -3.999282985788735459e+03 -8.929233597470738459e+02
-2.708768517093743503e+04 -2.645914638069661123e+03 -2.067382356103379607e+03 -6.405778553073282637e+02 3.692913715092920029e+03 3.045088982081372251e+02
-1.152295796536765374e+04 -9.541031947123339023e+02 -1.966665597738984616e+03 -2.747283880756871213e+02 1.576998339330768431e+03 1.326122432543563434e+02
-8.470864589630547925e+03 -8.865301182756744538e+02 -4.811872640985118892e+02 -1.641411487374564047e+02 1.133986592873209702e+03 2.240874359143378314e+01
-8.470864589630547925e+03 -8.865301182756744538e+02 -4.811872640985118892e+02 -1.641411487374564047e+02 1.133986592873209702e+03 2.240874359143378314e+01
3.561167263425651618e+04 3.886721669869228663e+03 6.961600708559377608e+02 5.136602249271687697e+02 -4.409243444042822375e+03 1.848500276901914390e+02
-2.675996802804902472e+04 -2.622923434244161854e+03 -2.023361177328873282e+03 -6.259353148888441183e+02 3.634343231100507182e+03 2.898912614852320075e+02
-2.717527362176426686e+04 -2.660213780125460289e+03 -2.061812672631605892e+03 -6.373973498791159500e+02 3.690878969610314925e+03 2.981672718237149979e+02
-2.171185762114807585e+04 -2.156690090196017536e+03 -1.564595184947857433e+03 -4.926306273809525464e+02 2.935904153456687254e+03 2.057651919762850241e+02
-2.448574403956384776e+04 -2.401493364209061838e+03 -1.916779969090538998e+03 -5.651899128892756607e+02 3.328721284396070132e+03 2.478083452704967726e+02
3.078989161580896689e+04 3.358894962586985002e+03 8.641475293992763227e+02 4.410637966294794410e+02 -3.829594674482275423e+03 1.716183479555449480e+02
-3.554776541648721832e+03 -2.853788056381292222e+02 -8.524182425112421697e+02 -7.992248580257164292e+01 4.994228696145904109e+02 2.653440534796865791e+01
4.140964763606539236e+02 2.526575181025639338e+01 -4.529131153904713614e+01 -5.853349884063499431e+00 -7.387358082653790348e+01 3.466837389115725898e+01
-3.223058827910979380e+04 -1.144543748157909022e+03 6.296274511259657629e+03 2.743688893764887098e+02 5.356194432363770829e+03 -2.186047645235150412e+03
-7.500952539064184748e+03 -4.012093031216555801e+02 8.557589751347445599e+02 1.406995619035512846e+02 1.405748812684678569e+03 -7.237176390689908203e+02
-2.683823502460901364e+04 -2.785752882520563617e+03 -1.066821623922319986e+03 -6.093505601823812867e+02 3.614327782421209577e+03 2.596094975088532806e+02
8.101391295309917950e+03 8.164391473412508731e+02 1.349880864528677648e+03 1.456257706506671923e+02 -1.109091803660693586e+03 1.064276444250811338e+01
2.384251289608313982e+03 1.490209646508198773e+02 -2.496815916692927715e+02 -3.461881366892861678e+01 -4.241325973472584110e+02 2.012539931823788493e+02
-2.062823816698328301e+04 -2.001390869929116207e+03 -1.865212023263598667e+03 -4.660151862502369795e+02 2.797781594291222973e+03 1.885755510160726374e+02
-8.069832684245917335e+03 -5.106517990175855743e+02 8.357150877079992597e+02 1.159871933584394981e+02 1.440084702626032367e+03 -6.799325510853024070e+02
-2.444794736781496977e+04 -2.330625764250239172e+03 -2.330727885791975496e+03 -5.698376986244682030e+02 3.333558386075898852e+03 2.565234109436053700e+02
1.397493974074279504e+04 1.027980205486888735e+03 -1.456690486799483097e+03 -7.992450250209715534e+01 -2.191516118726277909e+03 8.238311678616414611e+02
1.397493974074279504e+04 1.027980205486888735e+03 -1.456690486799483097e+03 -7.992450250209715534e+01 -2.191516118726277909e+03 8.238311678616414611e+02
-1.367355782249825461e+04 -1.204152243090779393e+03 -2.281936192591356757e+03 -3.090534561389932264e+02 1.899366406874883523e+03 1.120458280373557756e+02
-1.943759361448809432e+04 -3.085671557238176206e+02 6.836486607743850072e+03 7.263226851553515218e+00 2.624985442559254807e+03 -7.936100733386502952e+02
8.272231952571390138e+03 7.650160909120302222e+02 2.756442710494577568e+03 1.582138558716106616e+02 -1.209394904444627855e+03 1.287580686678109032e+01
-8.641198729901745537e+03 -6.611568640306961697e+02 -1.609302313686875095e+03 -2.145711859265977637e+02 1.174499917097842399e+03 1.205169526983004999e+02
4.092677187763783877e+03 6.207189795948323763e+02 3.823175743007013807e+02 -6.520633774313232323e+01 -7.849101000748636352e+02 3.749345018211927254e+02
-1.288061096660306430e+04 -1.073459809017459293e+03 -2.123040937762060821e+03 -3.077150812046547799e+02 1.756947827169906532e+03 1.513204300375740274e+02
1.781068063945489484e+04 1.522727661776502828e+02 -4.244812190529205509e+03 -1.990428400597143366e+02 -2.814801560049873842e+03 1.268592786756936903e+03
4.044843548182745144e+04 4.960172604725367819e+03 1.577062685056554528e+03 -2.150225569039662901e+02 -6.410507183689783233e+03 2.368847475861577095e+03
3.687593465612022555e+04 6.787837764915506341e+03 7.227229523859497931e+03 -3.389683365505530901e+02 -6.500850016639225942e+03 2.666245220614037407e+03
1.719889480365456620e+04 1.235193487735876943e+03 -1.835750272158782309e+03 -1.073920475550347504e+02 -2.682855095902813446e+03 1.029383107019458066e+03
-1.169822894864380760e+04 -1.039712577583286929e+03 -1.923757716771662217e+03 -2.620252016668972601e+02 1.622833977474896301e+03 9.129484344145804187e+01
-1.169822894864380760e+04 -1.039712577583286929e+03 -1.923757716771662217e+03 -2.620252016668972601e+02 1.622833977474896301e+03 9.129484344145804187e+01
1.984732146123953498e+04 2.543625322703062466e+03 1.037539751822991548e+03 -1.404971798266269900e+02 -3.332028076364974822e+03 1.294008762417463913e+03
-1.931091582904001552e+04 -1.739910120015594430e+03 -2.099983876166534174e+03 -4.756962925438412526e+02 2.597243841010775668e+03 2.691307166632593635e+02
1.103440089920116770e+04 8.584074201276313261e+02 -7.386989110629370998e+02 -1.881394413337794163e+02 -2.036352109683959952e+03 1.014140618070684468e+03
-5.072498525587783661e+03 -3.363502778203690013e+02 5.173429454817780879e+02 6.228022590611981713e+01 8.823288189641972394e+02 -3.974094451722849612e+02
-1.802514998292555219e+03 -9.854918989322469258e+01 2.717830833117614588e+02 1.281115197125205363e+01 2.869242316552857801e+02 -1.129847454642798965e+02
-9.169604224571243321e+03 -4.322735844026815357e+02 1.181376339323008096e+03 1.651073942599108761e+02 1.701137949577929248e+03 -8.645312829058708530e+02
-3.340572825522757739e+03 -2.424842385690781157e+02 -7.266923394124652305e+02 -8.191038032290174442e+01 4.559289954106579899e+02 4.376159112796663209e+01
1.877167666208408264e+04 1.310844279300370090e+03 -2.144388380814947595e+03 -1.093626943042388717e+02 -2.913092712813408525e+03 1.101902523635610351e+03
4.316250447665815591e+04 5.856181101579115420e+03 3.352816940564628567e+03 -2.310101957544088975e+02 -6.906051329554305994e+03 2.550579475382441160e+03
-1.053105534156272915e+04 -7.760139757018263253e+02 8.809765142970368288e+02 1.353691497896549834e+02 1.865707354161633248e+03 -8.483590108681785296e+02
-4.027859706432787334e+03 -2.963513862082066339e+02 3.394678261270219650e+02 5.107558463653849401e+01 7.117747719486183087e+02 -3.224115126002798206e+02
-1.960248383554923203e+04 -1.789716616797082224e+03 -2.549720247291312262e+03 -4.506643807704870710e+02 2.692074052846400264e+03 1.863775827341774516e+02
1.373909341908716488e+04 1.100374772724619788e+03 -8.946539175665476478e+02 -2.046654185412509150e+02 -2.472626487779803938e+03 1.179487148475938739e+03
-3.839191188330957084e+04 -1.145191764373132855e+03 8.006181731395552561e+03 3.375980778172561827e+02 6.411070877636561818e+03 -2.636652861322172612e+03
4.065729615783467352e+02 4.089492275938406607e+01 4.702940496758424871e+01 7.804705884691473194e+00 -5.515829526060878862e+01 -6.985094856151993215e-01
2.406025230589989224e+04 4.893841795977630682e+03 5.820116800958492604e+03 -2.440965468105146101e+02 -4.401376080458107936e+03 1.837048268816664404e+03
8.815438223033792383e+03 6.356243967870362894e+02 -8.949726883006240996e+02 -6.615320206237569778e+01 -1.418155030050047571e+03 5.646246802346730647e+02
-3.562525607037604914e+03 -7.909714134449863820e+01 6.455806937212851153e+02 6.164430360091444072e+01 6.414855568732049278e+02 -3.246620207205712632e+02
1.301758845333766658e+03 8.612433658320222207e+01 -1.549141785997008469e+02 -9.440887632844491506e+00 -2.104131492905894163e+02 8.295661626805801347e+01
-3.339919185464119801e+04 -8.923042629983758616e+02 7.211098451680814833e+03 2.944655170774698831e+02 5.528935584857008507e+03 -2.281108859515302356e+03
1.122764041370555606e+04 2.995328629550382630e+03 3.830344474329230252e+03 -2.023692039360921058e+02 -2.321601565607330485e+03 1.129726622537270259e+03
-3.339919185464119801e+04 -8.923042629983758616e+02 7.211098451680814833e+03 2.944655170774698831e+02 5.528935584857008507e+03 -2.281108859515302356e+03
-1.046068587064961866e+04 -9.111645515543357305e+02 -2.111191569027509104e+03 -2.287429099508687500e+02 1.470654691137775217e+03 6.371325827829056720e+01
-3.593366946556715266e+04 -9.677041442205834301e+02 7.772789407186547578e+03 3.127070653838864587e+02 5.953992941517158215e+03 -2.446877797088794978e+03
2.749364141787404151e+04 6.458254818650350899e+03 7.987658508377854560e+03 -3.952557223472272199e+02 -5.316717645227176945e+03 2.438302339431954351e+03
-4.757399524683542950e+03 -3.872002675945811347e+02 3.306693044513536393e+02 5.092782635574027239e+01 8.184203716052437585e+02 -3.536866770904893542e+02
9.424885469414550244e+03 6.675570524679692426e+02 -9.965841841485045052e+02 -6.897547672766711457e+01 -1.515529150882656268e+03 5.996377583023178204e+02
1.751880214928052965e+03 1.367288022493249002e+02 -1.379342009431051679e+02 -1.802456640313953073e+01 -2.999078508726835821e+02 1.282148954571547677e+02
-1.407227571425756105e+04 -1.196192152687946418e+03 -2.094262799381988316e+03 -3.385790783120541505e+02 1.907022504834008714e+03 1.742453429807091254e+02
8.828028328434538707e+03 5.034254768204135644e+01 -2.202711516078406021e+03 -9.332050740932419330e+01 -1.384201096149595287e+03 6.138831836418453349e+02
-1.580976768096677552e+04 -1.352790451468716356e+03 -1.992913720669612303e+03 -3.988978910145601162e+02 2.123382020189018021e+03 2.418441882094654716e+02
