-2.284167117913135327e+06 6.732692211113207042e+07 -6.334529041427001357e+06 3.085172665950580034e+06 9.804147726042406866e+05 4.973268012235366739e+06
3.376138993417830206e+06 8.766034589094632864e+07 -1.609997913815468177e+07 4.728755762465946376e+06 1.409532924685347825e+06 6.872692268317020498e+06
-3.097595073234344018e+05 5.741831835618782043e+07 -7.717523526626256295e+06 3.217367238614825532e+06 9.343982403983209515e+05 4.477868828940409236e+06
-1.183360685835930752e+06 5.347773408342375420e+06 6.780282568426009966e+05 2.935354707887219265e+05 8.364465567589350394e+04 3.956197671207053354e+05
-6.885390045370503329e+06 3.493714583578597754e+07 3.501257451996998396e+06 2.092307887581980787e+06 5.742308288377961144e+05 2.643012103013185784e+06
2.400279741653678473e+06 -1.097472512785552442e+07 -1.403158889776984463e+06 -6.612508632553427014e+05 -1.806453582376145350e+05 -8.285824507406590274e+05
3.110230192377208266e+06 -1.402595063517379761e+07 -1.896793265077326447e+06 -9.010539252460603602e+05 -2.385031514139793580e+05 -1.067468509801966837e+06
1.736975578641181346e+05 -3.811815967916006222e+06 3.870385535842725076e+05 -2.623778387501421967e+05 -6.312079141626823548e+04 -2.598962255802837608e+05
2.319567697284261521e+05 -4.101646429832808673e+07 6.611874654891216196e+06 -2.957194680021890439e+06 -6.981855611003995873e+05 -2.822716061408797745e+06
5.651363582823400386e+06 -2.131431261892525107e+07 -4.215547096693756990e+06 -1.473857402789054206e+06 -3.760670593853386817e+05 -1.632949709102106746e+06
1.680764650393212447e+06 -4.991514449000880867e+07 6.109083715072770603e+06 -3.653734138267624192e+06 -8.517958432770728832e+05 -3.400325807645502035e+06
-7.811779539343094220e+05 -2.006452186819639057e+07 4.592231104607586749e+06 -1.504244689107321668e+06 -3.504416797542218701e+05 -1.397958734998160973e+06
4.658373216812434606e+06 -1.921089317401120439e+07 -3.270153912324406672e+06 -1.367997838675990934e+06 -3.430514666951095569e+05 -1.467333619001034880e+06
4.233111470083683380e+05 -5.273268198158862442e+07 8.532020869272245094e+06 -3.975815660850643646e+06 -9.172172632546981331e+05 -3.622273860819404013e+06
4.838886667001283728e+06 -2.155267777847120166e+07 -3.205800453880002722e+06 -1.602372831332385307e+06 -3.936192646265014773e+05 -1.652678080153079936e+06
-2.035244432828293415e+06 8.289990381212542765e+06 1.486064819338886067e+06 6.211980587849055883e+05 1.513941359730988333e+05 6.310274249858433614e+05
6.428097110473616049e+05 -5.644067660261803120e+07 9.074710015734337270e+06 -4.422549553178096190e+06 -9.981311869806799805e+05 -3.851025822170911357e+06
6.428720047667092877e+05 -5.012623099662363529e+07 8.072296504752434790e+06 -4.015359001398528460e+06 -8.945764044216570910e+05 -3.402645080883292947e+06
1.059535301962627657e+07 -4.903828797408698499e+07 -6.958427683573550545e+06 -3.851130459882032126e+06 -9.141611480151420692e+05 -3.715598209771283437e+06
3.271511806502507534e+06 -7.677064510467565060e+07 8.954413118493705988e+06 -6.210361721693596803e+06 -1.368499950964088552e+06 -5.141185752851054072e+06
6.497932295935747679e+05 -4.473374653944902122e+07 7.197581274878866039e+06 -3.659770269474651199e+06 -8.049418566362414276e+05 -3.017501715458720457e+06
6.497932295935747679e+05 -4.473374653944902122e+07 7.197581274878866039e+06 -3.659770269474651199e+06 -8.049418566362414276e+05 -3.017501715458720457e+06
7.803870246560203843e+06 -3.512746822121905535e+07 -5.336739910930108279e+06 -2.831959137807650492e+06 -6.669311771736092633e+05 -2.689600484927606303e+06
5.799030746806323528e+06 -2.378960599735791609e+07 -4.567558214980671182e+06 -2.058134966115005780e+06 -4.647550460374294198e+05 -1.794189806256907294e+06
-2.205591221952669322e+06 9.042214445813523605e+06 1.780661321712850826e+06 8.081167422570732888e+05 1.788117240432855615e+05 6.749242286376949633e+05
5.590188102166545577e+06 -2.401954245106801018e+07 -4.354699085648982786e+06 -2.191067113140141126e+06 -4.809495646059890278e+05 -1.798813359389306512e+06
7.335021465981516056e+06 -2.638905842994421721e+07 -6.791274098961453885e+06 -2.455734813059949782e+06 -5.305631067128805444e+05 -1.947827652123193489e+06
6.632602373635597760e+05 2.332720769844133034e+07 -5.779337258322336711e+06 2.583889859602123033e+06 5.337087221242476953e+05 1.851942069230940659e+06
8.620246275986170396e+06 -4.680908303301194310e+07 -5.461076054030955769e+06 -4.915244182560043409e+06 -9.974957270640470088e+05 -3.379940523180103861e+06
3.544360814726850949e+06 -2.723509778808252886e+07 -6.127607110448713647e+05 -2.930455397129402496e+06 -5.940391980467222165e+05 -2.009758416388946818e+06
-1.676723262673801582e+04 5.332111709142206237e+05 -7.996318590665247757e+04 5.964753800083709939e+04 1.208762830867561752e+04 4.087792902112428419e+04
-1.337302726003914606e+06 7.083024521228671074e+06 9.005324338946446078e+05 7.566067520155051025e+05 1.516050735971805698e+05 5.046611649131865706e+05
-8.391651583174919942e+05 3.171723009793781210e+06 8.704374028260089690e+05 3.411663024825456087e+05 6.632032535441977961e+04 2.111335238601138699e+05
7.396465813631482422e+06 -3.381068202103017271e+07 -6.384005940265496261e+06 -3.719508815963255707e+06 -7.236891735965013504e+05 -2.307022025819515344e+06
4.113695072973977309e+06 -1.692934202068670839e+07 -4.007808522023027297e+06 -1.853787393779190490e+06 -3.580076128913627472e+05 -1.128271569084977498e+06
-1.683630154254259076e+06 6.721413802225665189e+06 1.693631629535429645e+06 7.381389272160854889e+05 1.421636908443214488e+05 4.461360940250054118e+05
7.789672178179363720e+06 -3.285122876840524748e+07 -7.443537810340664349e+06 -3.625839418739938177e+06 -6.985321591168033192e+05 -2.193128585149065591e+06
-1.908604551770496764e+05 3.803180458477939945e+06 -4.701029845988075249e+05 4.488836606531384750e+05 8.785220033688454714e+04 2.825631865870151669e+05
9.364843891190920258e+05 -4.497919821975394152e+06 -7.742720785906406818e+05 -5.031160326546047581e+05 -9.685253569048066856e+04 -3.037136576265543699e+05
5.231738206693359098e+04 -1.151578319196510129e+06 1.527594060255467484e+05 -1.367382301304412540e+05 -2.672528372421973108e+04 -8.578322731819363253e+04
-3.042593124872386106e+05 1.143093907283738628e+07 -1.913845256570855621e+06 1.367954953529584687e+06 2.673352514429888106e+05 8.579544138424386038e+05
4.613110504685841152e+05 -9.591875350413933396e+06 1.239876100584778236e+06 -1.149847383873085491e+06 -2.230776360421076242e+05 -7.080137982699510176e+05
-1.101370576440005004e+07 4.217545294847656041e+07 1.178302944220547006e+07 4.676677541963779368e+06 8.867349795007146895e+05 2.714083261728446465e+06
-2.954232399362526368e+06 3.653749413322667032e+07 -2.544349157215817366e+06 4.391539692611370236e+06 8.400611497347085970e+05 2.608089779881022871e+06
-4.392585106107803585e+04 6.536696357578625903e+06 -1.369220808950402075e+06 8.067614482028599596e+05 1.551994441172594670e+05 4.861570359571901499e+05
4.092096393687518779e+06 -3.930993061532422155e+07 1.001279409085265128e+06 -4.691252828618243337e+06 -8.912149268764372682e+05 -2.736356388469961006e+06
1.238624460216215812e+06 -6.669151553551685065e+06 -8.944222863537443336e+05 -7.743592023225768935e+05 -1.460808607434152218e+05 -4.434086235421266756e+05
-2.195054287621345371e+06 8.959864596677958965e+06 2.287664372043919284e+06 1.021291969068100909e+06 1.904630651886161068e+05 5.670903158753251191e+05
3.837899981382857659e+05 -7.178829950536314398e+06 8.914380856519378722e+05 -8.879244562625183025e+05 -1.681239865771716868e+05 -5.134224921841553878e+05
1.466534566232148092e+06 -2.096053894063284248e+07 1.934255358358595520e+06 -2.578804548201592639e+06 -4.875768988928406034e+05 -1.485448627703782171e+06
-1.628951654964508303e+07 5.768398840184631199e+07 1.937175227792415395e+07 6.503558001761138439e+06 1.201399604923469946e+06 3.518946102396955714e+06
9.051685756979024154e+04 -1.450727516498734010e+06 1.553496011118183960e+05 -1.791563897200577194e+05 -3.386824292867861368e+04 -1.031576342325303849e+05
8.614018531729640672e+05 -1.427261386405578814e+07 1.590498058798497776e+06 -1.768219745099028572e+06 -3.336278235803438583e+05 -1.012971492756747757e+06
6.140887322839129483e+05 -2.373701672470531426e+06 -6.816570944053741405e+05 -2.720869915689922054e+05 -5.030862405568335816e+04 -1.475919225846599729e+05
6.412932240753517253e+05 -8.147356343199912459e+06 6.192438466400624020e+05 -1.006056445745321573e+06 -1.890793103643577197e+05 -5.703619023690718459e+05
-4.593304308091741987e+06 6.444394682947506011e+07 -5.908517424206063151e+06 8.026321289413711056e+06 1.498988142595755635e+06 4.473989738357328810e+06
4.452233406413306482e+06 -1.826656297211715207e+07 -4.743190569222470745e+06 -2.124163456255510915e+06 -3.903858673501469893e+05 -1.133164840299434727e+06
2.024493952328460990e+06 -3.011098393560299650e+07 2.989326635596713983e+06 -3.771744804180927575e+06 -7.062657356444420293e+05 -2.117382678185133729e+06
4.221406144122299156e+05 -6.915052996183543466e+06 7.787539457718775375e+05 -8.711311608545255149e+05 -1.622579607327791164e+05 -4.820908157049070578e+05
2.506097731610699557e+06 -4.267342898524279892e+07 5.199321287581226788e+06 -5.534761158952273428e+06 -1.009750471278877812e+06 -2.892661618255223613e+06
3.227325488723933231e+06 -4.416550413818803430e+07 4.100077422551319934e+06 -5.733961452840572223e+06 -1.041022773287226330e+06 -2.955968537279526703e+06
6.447991980063901283e+05 -2.543884199015294667e+06 -7.618334103364015464e+05 -3.048699737648181617e+05 -5.409792200663677795e+04 -1.470861547840867715e+05
-4.446450923147599096e+05 5.491759513770345598e+06 -4.250931322195542743e+05 7.139561908021736890e+05 1.286239284502907685e+05 3.600292001127697295e+05
-4.446450923147599096e+05 5.491759513770345598e+06 -4.250931322195542743e+05 7.139561908021736890e+05 1.286239284502907685e+05 3.600292001127697295e+05
8.598524971264913678e+06 -3.425931911865195632e+07 -1.025250375311973505e+07 -4.148054462280534208e+06 -7.297977068562436616e+05 -1.950886856218892150e+06
-8.489606295912466943e+06 3.659884249519116431e+07 9.484257262446688488e+06 4.489572936056774110e+06 7.863507187556482386e+05 2.083072850399292773e+06
-1.295869606432727538e+06 1.780430659800877795e+07 -1.733829958741600392e+06 2.359446302019909024e+06 4.195186010208227090e+05 1.145125619731010403e+06
9.680267265868848190e+06 -4.303738236720136553e+07 -1.063347053119646758e+07 -5.340930875271981582e+06 -9.286906570918393554e+05 -2.423549430915264878e+06
7.408311391198785277e+05 -1.011628186869106442e+07 9.851765755706065102e+05 -1.350251620806525927e+06 -2.388963137666258554e+05 -6.457999193985165330e+05
5.921754173071331345e+06 -6.963302817560924590e+07 5.059577226430829614e+06 -9.370394822282990441e+06 -1.642550229851538315e+06 -4.358312600933980197e+06
-4.927657201368563983e+04 1.260227238293455914e+06 -2.228516824009141419e+05 1.731174326662071107e+05 3.030067558079820446e+04 8.015473486754301121e+04
3.778300962394905742e+06 -3.811390055142448843e+07 1.612244171143936692e+06 -5.100159456312092952e+06 -8.801021811469766544e+05 -2.260185481011484284e+06
-2.318137690577918291e+07 9.585981025941267610e+07 2.902390637217851728e+07 1.194843232198351994e+07 2.025397014069677796e+06 5.001541804978589527e+06
5.840377462969332002e+06 -7.472885296289245784e+07 6.754725685504726134e+06 -1.019311522523197718e+07 -1.766536628517504083e+06 -4.578150698137799278e+06
6.922600728603778407e+05 -3.031874673947772942e+06 -8.370972179416951258e+05 -3.859212065088324598e+05 -6.480450638126458216e+04 -1.566056343044289679e+05
2.165951439382229466e+06 7.634373872166225314e+07 -2.680944548107022047e+07 1.124094501572207175e+07 1.911970879663914908e+06 4.757717699172927067e+06
4.563387858459797688e+06 -4.907592702523467690e+07 2.961869127988611814e+06 -6.851546866459882818e+06 -1.150416815449363319e+06 -2.779485209704014007e+06
4.765172958364893682e+06 -5.093112109968022257e+07 3.051812957388246898e+06 -7.155113440871278755e+06 -1.193181035528737819e+06 -2.836582134110724088e+06
1.606827759782657260e+06 -1.742579052429468557e+07 1.149916426209712867e+06 -2.486116496564534493e+06 -4.079470530330484617e+05 -9.321896071512717754e+05
3.192697818157032016e+05 -4.143751070199961308e+06 4.393161009100874653e+05 -5.956014901675462024e+05 -9.770068914233311079e+04 -2.230711679850919172e+05
-4.156436330117359292e+06 3.026866669046140090e+07 1.664269057502242737e+06 4.176642635790339205e+06 6.752577259339224547e+05 1.484871550466460641e+06
2.829443817511786707e+06 -3.105484662268391624e+07 2.152799095404346008e+06 -4.441559201655848883e+06 -7.270516238762629218e+05 -1.651199421344878385e+06
-6.218016078035681508e+06 3.947036770076137781e+07 4.449722792835379019e+06 5.411785629103744403e+06 8.684081764771555318e+05 1.871340246526029194e+06
-4.953729224883738061e+04 8.382369692409085110e+05 -1.336216499852339912e+05 1.241836487913394376e+05 2.007831528197606167e+04 4.415727898074631230e+04
7.800446527279229485e+04 -9.828880060734926956e+05 1.039172218901771703e+05 -1.437068134369341133e+05 -2.308697841570760284e+04 -4.990881046674845129e+04
1.374033818244730355e+06 -1.493803380872191861e+07 1.071232491347031435e+06 -2.182084541297607124e+06 -3.484962674818427768e+05 -7.412270470562499249e+05
-2.002066840248323861e+05 2.741357705239917152e+06 -3.434878922762817238e+05 4.051257253532315954e+05 6.473335747763998370e+04 1.378702726585952041e+05
8.129597963397711283e+05 -1.101341217159477621e+07 1.382081712538313353e+06 -1.636289177924711956e+06 -2.597137148029491073e+05 -5.428308965995335020e+05
-1.300630866141128726e+07 6.154338483414364606e+07 1.818313748742832989e+07 8.760627315306585282e+06 1.353427706490076147e+06 2.607935389875591733e+06
-9.818821393294123933e+06 5.377545478321843594e+07 1.090418049263282493e+07 7.829235530603830703e+06 1.213939950445384951e+06 2.366107956718560774e+06
-3.528041154127683956e+06 1.943923120290813968e+07 3.905896947891648859e+06 2.838002672930172179e+06 4.389742922663483769e+05 8.491201445004559355e+05
-2.559544422826421505e+05 1.714426184572459199e+06 1.747756595665278437e+05 2.578407823357257294e+05 3.967436776501995337e+04 7.547324322312136064e+04
-1.215409022661506198e+07 6.927200883973668516e+07 1.397942575516922958e+07 1.026018469990289398e+07 1.540398783483466366e+06 2.694595537743411027e+06
3.588674591891808435e+06 -4.541219643532408029e+07 5.512169731535194442e+06 -7.323288285071422346e+06 -1.127665219879370648e+06 -2.150209636206604540e+06
4.873877585653809365e+05 -5.101989045521132648e+06 3.599575077642337419e+05 -8.140043435831497191e+05 -1.245062230767183646e+05 -2.322651988389250764e+05
-1.310284467139141820e+07 7.847365544405089319e+07 1.364543891538957879e+07 1.173217090267645381e+07 1.757279380166459363e+06 3.048065185956489295e+06
8.941909853487791494e+06 -1.045038911328613460e+08 1.089503222275816649e+07 -1.688990719315496087e+07 -2.573564579607071355e+06 -4.740150604403016157e+06
-1.075227423213116825e+06 1.399440295244175568e+07 -1.865477204167699674e+06 2.272658698419022840e+06 3.460498687969039311e+05 6.358754956414540065e+05
-3.015643045132061932e+06 3.252881170644190162e+07 -2.664845858530489262e+06 5.237214863915109076e+06 7.947517943904744461e+05 1.443601515245919116e+06
-5.174967345400932245e+05 1.127876022286805883e+07 -2.620292353696051519e+06 1.876400088354101405e+06 2.867942070799227222e+05 5.337076906196916243e+05
-3.558273037190125789e+06 2.676568969681837037e+07 1.491467155565793393e+06 4.141461774951187428e+06 6.177306753723621368e+05 1.055124211904426804e+06
1.927687075350587722e+06 -1.681638515480434895e+07 1.549377126112002588e+05 -2.645612727624063846e+06 -3.960198534154760418e+05 -6.853455931887172628e+05
-1.067395671120624803e+07 6.307801115375214815e+07 1.193195734466508590e+07 9.477632042746888474e+06 1.404767350206971401e+06 2.343040604470591061e+06
-3.266609220658463892e+05 6.039641765815645456e+06 -1.266825112509278115e+06 1.001873754530850565e+06 1.522486555291324330e+05 2.778777057704579784e+05
-8.102764883413816569e+05 7.524924642191994935e+06 -2.524604434950477735e+05 1.201651134254358942e+06 1.799304201985649706e+05 3.117395516099051456e+05
1.042505639338801056e+07 -7.863056632452479005e+07 -4.360381412142953835e+06 -1.224859034299994633e+07 -1.818267072687837994e+06 -3.050530137542894110e+06
3.365602619064507075e+06 -3.571889049528611451e+07 2.830591137504001148e+06 -5.780047831954421476e+06 -8.696610483735807939e+05 -1.533136568416649010e+06
-3.329089622874710709e+06 2.361118511082614586e+07 2.063379430696522817e+06 3.650565624977523461e+06 5.395443018519782927e+05 8.900924634940301767e+05
-1.695110353406214854e+06 2.286150063196393475e+07 -3.391612706678395160e+06 3.752617250456404407e+06 5.645793697593889665e+05 9.950768230653678766e+05
-1.181426355674606748e+06 1.228917593735081330e+07 -9.097589246075188275e+05 1.985553148128303699e+06 2.972499566783919581e+05 5.146307114903510083e+05
-2.661992897351547144e+06 2.787499047851923481e+07 -2.133706688137834892e+06 4.502761011781931855e+06 6.734304774329639040e+05 1.161735021419212688e+06
1.176543733602459688e+05 -1.191803394852595171e+06 7.810379517063956882e+04 -1.924917401573789248e+05 -2.875130931455778045e+04 -4.936064710751707753e+04
1.163566780171577819e+06 -1.203020838698694110e+07 8.719352602589435410e+05 -1.946958399897708325e+06 -2.909346431991143618e+05 -5.003014769455119967e+05
-2.125375462184374686e+06 2.136276741045746580e+07 -1.357078390117251081e+06 3.448886663531601429e+06 5.136065865699646529e+05 8.720664515816484345e+05
3.736568479323318694e+06 -2.802923060169752687e+07 -1.693950073709597811e+06 -4.377037066202916205e+06 -6.432959492031509290e+05 -1.038094491341168992e+06
-4.711553704479640000e+05 5.548127854155898094e+06 -6.358232333165286109e+05 9.085340238460249966e+05 1.356095063219765434e+05 2.322305338952806778e+05
-4.711553704479640000e+05 5.548127854155898094e+06 -6.358232333165286109e+05 9.085340238460249966e+05 1.356095063219765434e+05 2.322305338952806778e+05
-1.375909046088344650e+06 2.173128464565633237e+07 -4.153630648128602188e+06 3.619152680392629001e+06 5.402296810523818713e+05 9.253180110284656985e+05
-9.672375430585939903e+05 1.030721808134269156e+07 -8.760281853933396051e+05 1.681118165695288684e+06 2.493738720448745007e+05 4.172110474937011022e+05
1.925788154739383142e+06 -2.440385813208236545e+07 3.350016683919127099e+06 -4.031130778545244597e+06 -6.000976785405948758e+05 -1.017547177036918350e+06
-2.228938396036974620e+06 3.492716681016386300e+07 -6.743091722318334505e+06 5.840316905707964674e+06 8.673751597222385462e+05 1.457738312400684692e+06
-9.895107456579856575e+06 1.046850622019100040e+08 -8.842958358686115593e+06 1.706520671897564828e+07 2.516436591412316076e+06 4.114551609998410102e+06
-2.976143558775976766e+06 3.309827265179287270e+07 -3.353981926380831283e+06 5.424994103546614759e+06 8.004513255823380314e+05 1.311881548917952226e+06
-1.416134624555144226e+06 2.470229661265622079e+07 -5.371914156967735849e+06 4.160927577151163481e+06 6.172527846712460741e+05 1.032867859082054114e+06
1.389583898095097765e+07 -1.151023272571009845e+08 -1.564528784934982890e+06 -1.832759497189329937e+07 -2.667528932769009378e+06 -4.136737945621878374e+06
4.327653507827370777e+05 -5.860289182941460982e+06 9.470579842195458477e+05 -9.776614329007051419e+05 -1.440947650874090614e+05 -2.351479152343279857e+05
-2.822340281138235703e+06 2.796049778705701604e+07 -1.758576424140596064e+06 4.566271112175855786e+06 6.673245460371759254e+05 1.052524726389454445e+06
-6.348348102719675750e+06 8.527152113561300933e+07 -1.396596465357580595e+07 1.424165436119523831e+07 2.085003323801905150e+06 3.312460783520789817e+06
-2.461505991037241649e+06 4.410591500615964830e+07 -1.016774080477482453e+07 7.485960883575190790e+06 1.101218035841517616e+06 1.783494389655645005e+06
-3.106610281281736679e+06 6.416288730661820620e+07 -1.654863026825561561e+07 1.096395084018439800e+07 1.613376043067938415e+06 2.616376740208123811e+06
-5.369354764941219473e+05 1.012020704505003057e+07 -2.445257651461927220e+06 1.725834854201780632e+06 2.536800006909332005e+05 4.095787244329803507e+05
-7.789298504734293092e+05 1.090874984322691336e+07 -1.920777282670762623e+06 1.833046205242342316e+06 2.681231905304358224e+05 4.244319851872666623e+05
8.189560188572092447e+05 -1.483054966130816191e+07 3.484387284197950270e+06 -2.532438027981905267e+06 -3.716684462306116475e+05 -5.963835623308913782e+05
-3.920074036575245205e+06 7.328497680079026520e+07 -1.787297185192929953e+07 1.251515436379007064e+07 1.832382220496627269e+06 2.912034095790157560e+06
1.037275912845613807e+07 -1.009360630418087393e+08 5.783898942739115097e+06 -1.656398977725637332e+07 -2.406184100041160360e+06 -3.701188821837040596e+06
-5.982141266924790107e+06 9.802508816116049886e+07 -2.128648687032486498e+07 1.663506299113461189e+07 2.429936389491388109e+06 3.825146898000218440e+06
-7.599307295975938439e+06 1.192149113209446222e+08 -2.538614475519740582e+07 2.025881052659066767e+07 2.938530528332123067e+06 4.491493016540829092e+06
1.002266948951970041e+07 -9.590068670176698267e+07 4.968271189177390188e+06 -1.579112271093894169e+07 -2.279550458341926336e+06 -3.412894493527363054e+06
-3.649874542677232530e+06 4.035529155065368861e+07 -4.444056859037257731e+06 6.705514393915757537e+06 9.657140709762809565e+05 1.430973479964250000e+06
3.525621776924712467e+05 -3.882312551990425680e+06 4.350239626811589114e+05 -6.491550982541221892e+05 -9.285526669258691254e+04 -1.334227068495262356e+05
3.748922550245892722e+06 -5.098689529327474535e+07 9.290924948656830937e+06 -8.684980146205062047e+06 -1.246794130949781975e+06 -1.821213661194580840e+06
-1.058993481370585971e+06 1.041344532394382171e+07 -6.984219710500524379e+05 1.728456349262494128e+06 2.463535091709083354e+05 3.481304370597804082e+05
-1.364797158461602230e+05 2.212933405855530407e+06 -5.179600688213513349e+05 3.817240848936956609e+05 5.467436925658899418e+04 7.904055919617040490e+04
8.232117227243992500e+06 -9.433987322598232329e+07 1.227790766463466547e+07 -1.593325959665086307e+07 -2.267729692643826362e+06 -3.183324934607757721e+06
6.645518500560365617e+06 -8.192196475576703250e+07 1.282790387268636376e+07 -1.390488109302081354e+07 -1.979554270769697847e+06 -2.782235386972634122e+06
-1.210415385608035876e+03 -4.136793197842717973e+02 -6.370447975189309773e+02 -9.722486575942459908e+00 1.988340725440702954e+02 -3.987834453813528057e+01
-1.345892930714548356e+03 -4.671361213922270963e+02 -5.345190188075879405e+02 2.995099583783935593e+00 2.188514958834778383e+02 -5.912887930896830824e+01
-1.447947888523464371e+03 -4.562099941277824655e+02 -5.211646600840263091e+02 -5.322819602889897972e+00 2.349888347316713180e+02 -5.399033487691056621e+01
-1.779993945005230216e+03 -3.854593986153530523e+02 -5.793351396389172123e+02 -5.506805523811663505e+01 2.681743690014445747e+02 -7.114675847761128935e+00
-1.879217804247450204e+03 -4.200183692549625221e+02 -5.013892724589582599e+02 -5.362387142754214153e+01 2.878840410857724805e+02 -1.374624819201129000e+01
-1.983591345873948512e+03 -4.282569648368324238e+02 -5.103464171688675037e+02 -6.155091599729528440e+01 3.002032257432953202e+02 -8.069056557632249493e+00
-2.115409981786177923e+03 -4.526274192105877319e+02 -4.388531320533980420e+02 -6.682139412775845244e+01 3.191687752416865465e+02 -7.041541253480811058e+00
-1.784609434763633544e+03 -4.093163129756163698e+02 -1.203787649419551968e+02 -1.186850352374567663e+01 2.413543725759296024e+02 -4.833185668770055798e+01
-1.644228786410810244e+03 -3.701545395139259540e+02 -6.626881790040218334e+01 -2.009696555774018734e+00 2.210740704089660085e+02 -5.412821369952735751e+01
-2.359986761236369603e+03 -4.825213677968752677e+02 -3.505786464678707262e+02 -8.721626049353511689e+01 3.479683372936377168e+02 8.303075244330203830e+00
-2.020914163962534531e+03 -4.426297448610831680e+02 -4.694112463896460952e+01 -9.615987157623239412e+00 2.722699946091352672e+02 -5.871962141270024205e+01
-1.771238402821376440e+03 -3.911883942792849211e+02 -3.806938534418031139e+01 8.574034650317184258e+00 2.352575613244591182e+02 -6.951766805389466697e+01
-2.394623520246369480e+03 -5.012180112359676514e+02 -2.992325250825679746e+02 -8.244380492667720262e+01 3.555296032477731387e+02 1.066431971095768594e+00
-1.800497455558237789e+03 -3.880830449945402165e+02 -1.582244321250317043e+01 -2.141461062012026240e+00 2.422219124847376861e+02 -5.937337342709865595e+01
-2.482501554647574721e+03 -5.268825038571376354e+02 -2.385969802133235476e+02 -8.095360267631382101e+01 3.726109706399228116e+02 -4.946233440366865075e+00
-2.549371721421797247e+03 -5.347656749352804582e+02 -2.140717804942615032e+02 -8.933172275082063152e+01 3.760549776187460793e+02 3.495498354129673579e+00
-1.833314127998093682e+03 -3.788757001427046021e+02 3.748996726906966614e+01 -2.354014546907006622e+00 2.461763485695449560e+02 -6.014513020284842781e+01
-1.916993840724619986e+03 -3.862922482098450132e+02 7.168284004918938024e+01 -2.406183788829391101e+00 2.570087658100987369e+02 -6.284886911202918469e+01
-2.596223976818523624e+03 -5.527356384876967468e+02 -1.245197985192510401e+02 -8.216304276015326025e+01 3.867679479084897594e+02 -7.210238657718892163e+00
-2.164058627934993638e+03 -4.313586061160649479e+02 1.129397042565661167e+02 -1.139333530389126992e+01 2.909091129247688059e+02 -6.149462866943918016e+01
-1.988880040162747719e+03 -3.907485946199478803e+02 1.074084204854028570e+02 -2.499395288702155327e+00 2.661453078040369746e+02 -6.507458195956913016e+01
-1.988880040162747719e+03 -3.907485946199478803e+02 1.074084204854028570e+02 -2.499395288702155327e+00 2.661453078040369746e+02 -6.507458195956913016e+01
-2.686655028175168354e+03 -5.709787570594188537e+02 -9.909841665984002645e+01 -8.846625558037040093e+01 4.037820523212059811e+02 -4.536382902298026210e+00
-3.001850326522006981e+03 -6.418956239602865708e+02 5.867857920634727975e+01 -1.091103166588062692e+02 4.437246538834552894e+02 8.244470730908920686e+00
-3.112830339177908172e+03 -6.704206653833248311e+02 1.425614004767186884e+02 -1.143418058005331090e+02 4.584494810001228871e+02 1.030980539498930248e+01
-3.172618203816126424e+03 -6.823519466670458087e+02 1.786851816974259179e+02 -1.130682285657801174e+02 4.729597358124682387e+02 5.193629308176928916e+00
-3.407047460052787301e+03 -7.546611408435380781e+02 2.529699937915262353e+02 -1.426085182043552777e+02 4.910952399180319503e+02 3.343043586309947557e+01
-2.973183667485827755e+03 -4.836290643784278700e+02 3.804647507789111955e+02 2.353353904375178729e+01 4.676006930465252367e+02 -1.453954675509124854e+02
-3.669839620869178816e+03 -7.676092560239372915e+02 5.709480972954845583e+02 -1.112290821578516216e+02 5.645396927071243454e+02 -2.020093950181819054e+01
-3.513734872965814247e+03 -6.812460608525337875e+02 5.569872757569983150e+02 -7.395728296164105586e+01 5.567587632164901379e+02 -5.967819849718639347e+01
-3.265762672539065079e+03 -5.456734097509648791e+02 5.072717491073228757e+02 -8.060145064142860249e+00 5.226361822628063010e+02 -1.242822824133108099e+02
-3.739886670704617700e+03 -7.880951967058476839e+02 6.375119464642948515e+02 -1.172678344477018726e+02 5.733703158729766756e+02 -1.573485477303036184e+01
-4.136005254583490569e+03 -9.961607617214878019e+02 8.117083815444296988e+02 -1.805585530072718825e+02 5.864387949835871723e+02 5.133769053931222004e+01
-4.015231591623320583e+03 -8.976837711242957312e+02 8.100122561861884378e+02 -1.489930779841600383e+02 6.000837790362942314e+02 1.274550020665494365e+01
-4.142127526794409277e+03 -9.706572430720833609e+02 8.562066105350143062e+02 -1.696141447966753049e+02 6.011852817471839217e+02 3.540348191411352730e+01
-4.154600845780291820e+03 -9.884671669527627955e+02 8.660588726931295014e+02 -1.755946549103545067e+02 5.993186850224282125e+02 4.253208086853940273e+01
-4.232668332073482816e+03 -9.841808106634749720e+02 8.897763928440753034e+02 -1.704570775383695604e+02 6.193419927835687986e+02 3.171202551921270185e+01
-3.531648837055417061e+03 -5.641616773061928143e+02 6.963574167724690369e+02 -1.848472221890049738e+01 5.699117179163445144e+02 -1.247391163020486431e+02
-4.068522644539200883e+03 -8.979798663764095181e+02 8.741311594758985848e+02 -1.452169853949867218e+02 6.120387453241909270e+02 5.497015234898392499e+00
-3.572685515079513607e+03 -5.630549080394608836e+02 7.084151890006014582e+02 -1.511308776346661809e+01 5.773592058533675981e+02 -1.303884820163524978e+02
-3.572770313930292104e+03 -5.399390859884823612e+02 7.019670531483355944e+02 -1.312708966482690753e+00 5.753225853974217898e+02 -1.452207379308827626e+02
-3.629271017487157678e+03 -5.655769501864183439e+02 7.509385644912852058e+02 -1.657063107157619086e+01 5.863270919393579561e+02 -1.310535166003665495e+02
-4.334177093186206548e+03 -1.068779570282756367e+03 9.662495524952197457e+02 -1.920299068794791992e+02 6.122077589565166136e+02 5.752848187514523914e+01
-3.821072877987212905e+03 -6.282755215812819642e+02 8.616568455842506182e+02 -4.253570512860230224e+01 6.154917109783987144e+02 -1.096056901947892470e+02
-3.514640021908467588e+03 -4.822946507556017082e+02 7.419486851886154000e+02 1.538183492667652708e+01 5.612180473445789630e+02 -1.601956866838992539e+02
-3.906230027144785709e+03 -6.765573944696378703e+02 9.159204684336228866e+02 -6.214807158800657305e+01 6.231353173913869341e+02 -8.973772155499975156e+01
-4.232082025004749084e+03 -8.989775384206186573e+02 1.014741277397124122e+03 -1.372622913548547388e+02 6.485097846348123767e+02 -1.265021306869161855e+01
-4.434491111589174579e+03 -1.082131461128036108e+03 1.078151119323536705e+03 -1.899260282875861208e+02 6.367107148134432464e+02 4.894099846903458229e+01
-3.791049156967493218e+03 -5.654322149734661025e+02 8.890664422319966889e+02 -1.889365976338738307e+01 6.114420371586661531e+02 -1.348725505962204068e+02
-3.889942233423057132e+03 -6.072575271927761378e+02 9.248754948032202492e+02 -3.332857226826035202e+01 6.280762402070034796e+02 -1.230561583045256953e+02
-4.597234029692845979e+03 -1.221174975334979763e+03 1.120039958973320836e+03 -2.226562471357773063e+02 6.236297618849025639e+02 8.868504427112237920e+01
-3.842719035268694370e+03 -5.863827544987689180e+02 9.115505824963317991e+02 -2.651648984182528679e+01 6.203684647900347500e+02 -1.286687681199839801e+02
-3.829511811994890650e+03 -5.782849438867586969e+02 9.157257493225824874e+02 -2.449360986918921412e+01 6.178712782497080980e+02 -1.302823453814962988e+02
-4.591480733030499323e+03 -1.164444011105192885e+03 1.142032191313371413e+03 -2.086603053281325799e+02 6.480341390985388443e+02 6.689399742089639744e+01
-3.928764992874007930e+03 -6.224582106010262805e+02 9.630984330255910209e+02 -4.073234064943078181e+01 6.338277338666733840e+02 -1.162865962505862001e+02
-3.929417610222172243e+03 -6.006425690629017708e+02 9.880364568817462896e+02 -3.355168483884883557e+01 6.317997199239100610e+02 -1.237572858452280542e+02
-4.609830701659478109e+03 -1.142142577323248588e+03 1.190106275215191317e+03 -2.006955276198984279e+02 6.624653086023885180e+02 5.435471258676192718e+01
-3.934041727952180736e+03 -5.968257956280582448e+02 9.762920830627505211e+02 -3.050539027664121150e+01 6.372208706403239376e+02 -1.285281209794547408e+02
-3.940051667533728505e+03 -5.786060842038932606e+02 9.979271920168062024e+02 -2.434388443719893047e+01 6.350737315852528582e+02 -1.348347396647481844e+02
-4.078112350811844863e+03 -5.633023072379750147e+02 1.121992592928955446e+03 -2.032133763350486078e+01 6.570236644554904615e+02 -1.449056397512241006e+02
-4.173898077893941263e+03 -6.043246040867048805e+02 1.177487267142967312e+03 -3.460249481308989772e+01 6.743834914618523726e+02 -1.334452854093948702e+02
-4.955683839921712206e+03 -1.321049033123787012e+03 1.432340144457346923e+03 -2.337438570353618843e+02 6.944053848034380962e+02 8.297431677864244648e+01
-4.206162603425784255e+03 -6.193519926106770299e+02 1.224741205232405491e+03 -4.197373714951076806e+01 6.765818108932594441e+02 -1.258060080103535796e+02
-4.206162603425784255e+03 -6.193519926106770299e+02 1.224741205232405491e+03 -4.197373714951076806e+01 6.765818108932594441e+02 -1.258060080103535796e+02
-5.094593276814940509e+03 -1.368829833700270456e+03 1.515595098228304551e+03 -2.414578735530623419e+02 7.147712981432016477e+02 8.636298821420120930e+01
-5.067785060018240983e+03 -1.302779175342938743e+03 1.558343745077413814e+03 -2.248552644540418726e+02 7.284852736875394612e+02 6.439785662831388890e+01
-4.302447205515966743e+03 -5.922761888175962213e+02 1.307623636131945204e+03 -3.261206319181765423e+01 6.909925629614170930e+02 -1.398939906542047993e+02
-5.126122793372795968e+03 -1.304828213789107849e+03 1.621465125817861235e+03 -2.234277558436367599e+02 7.430555689384913194e+02 5.909514016967491301e+01
-4.378610043382510412e+03 -5.967211956274958311e+02 1.353349250585928530e+03 -3.307572590469862206e+01 7.041704305095520340e+02 -1.427379681273287417e+02
-4.516349309277261455e+03 -6.408084089884578134e+02 1.446173466045040868e+03 -4.702957217762931919e+01 7.290060715545362200e+02 -1.335477047754155251e+02
-4.242271640370785462e+03 -4.589432172458947434e+02 1.328836115856516926e+03 7.531780592286570375e+00 6.750146072625316265e+02 -1.804762362368197444e+02
-4.598247172116536603e+03 -6.848429146003804817e+02 1.553459567493955092e+03 -6.298646441493693970e+01 7.300360723665348814e+02 -1.160599075263830287e+02
-5.386063519154136884e+03 -1.507801154658124915e+03 1.791893421282321469e+03 -2.597673693034298026e+02 7.483789578902144513e+02 9.816199910641979898e+01
-4.536399682493507498e+03 -6.029811754380594948e+02 1.500842704212922854e+03 -3.728163133389637096e+01 7.296146373095801891e+02 -1.445464421905866459e+02
-5.531716389513275317e+03 -1.509336583563164822e+03 1.913695065847031401e+03 -2.583103732391984408e+02 7.866713799401111373e+02 8.677842166254042411e+01
-3.944959883676862319e+03 -1.859800494859875073e+02 1.239948692240972605e+03 8.388320625897175375e+01 5.927473471985963442e+02 -2.444349443788377130e+02
-4.880207857307202175e+03 -6.643434126633486585e+02 1.779373949790242932e+03 -5.640225324298430820e+01 7.829787083793709144e+02 -1.368821198074697634e+02
-4.940729997341145463e+03 -6.656878910116957968e+02 1.835121072760723791e+03 -5.713629996263401267e+01 7.923884933387098499e+02 -1.384646339281695759e+02
-5.080821585321071325e+03 -6.526515598784716303e+02 1.965414397120024205e+03 -5.438476250867515915e+01 8.137812044364136455e+02 -1.469796007450490549e+02
-4.906125492296887387e+03 -5.474966525843553882e+02 1.883502533151178795e+03 -2.833499818894375366e+01 7.824550510265883076e+02 -1.679705437779163617e+02
-5.412323587332250099e+03 -9.806544249262865378e+02 2.187643701016088471e+03 -1.351285856645539809e+02 8.417155189824405852e+02 -6.428238205708146324e+01
-5.049233819100556502e+03 -6.384673683205178349e+02 1.963878767338323769e+03 -5.186056134896439573e+01 8.082413024952639944e+02 -1.483750926835926407e+02
-5.616488190585522716e+03 -1.173984628732732972e+03 2.296316038584082889e+03 -1.779490033612323714e+02 8.611995021054301560e+02 -2.161660035007683689e+01
-4.907262083107560102e+03 -4.174361392883153599e+02 1.920684055967757558e+03 4.675738055330281639e+00 7.802570791154410017e+02 -2.041312080803071467e+02
-5.110744103750395880e+03 -5.397082279937390012e+02 2.062907996564583755e+03 -2.839671906881652319e+01 8.135831244018577308e+02 -1.758381231777401013e+02
-5.263661804820925681e+03 -6.283264885526477883e+02 2.169963128465462432e+03 -5.139362836078557706e+01 8.415338913856550107e+02 -1.573825977276097774e+02
-5.052638629363057589e+03 -4.817622235052384099e+02 2.054029595248207897e+03 -1.543743874078544920e+01 8.036110915693292327e+02 -1.877115757283205539e+02
-5.167843511391839456e+03 -4.811532525729325585e+02 2.132442504125418509e+03 -1.514224764981389271e+01 8.214928946864101817e+02 -1.925989887852393849e+02
-7.092659435526033121e+03 -2.175864451164021375e+03 2.953893773495795358e+03 -3.796649766464163349e+02 1.046068549543181007e+03 1.556384938449663764e+02
-6.771769896200703442e+03 -1.754449215194556700e+03 2.917607334264476322e+03 -3.009850071617837557e+02 1.058345813902150439e+03 6.498498330870692996e+01
-6.817825475589440430e+03 -1.763305737350309528e+03 2.954121446249759174e+03 -3.023448209450181139e+02 1.067239431976205196e+03 6.423016961710318640e+01
-6.575129974435953045e+03 -1.349758268443094494e+03 2.952053726457857465e+03 -2.164237718102725694e+02 1.073399102943999651e+03 -3.291858982296377434e+01
-7.181848313616542328e+03 -1.909377728311483679e+03 3.298727824903333840e+03 -3.242238348750921659e+02 1.118827563690516399e+03 7.541570273221890375e+01
-5.849909093498420589e+03 -4.985488495457595377e+02 2.576227740463795271e+03 -1.844072688866223686e+01 9.863541778495692824e+02 -2.309618701854794267e+02
-6.070631201667832102e+03 -6.634123242686106323e+02 2.744227976685720478e+03 -6.099756791444007575e+01 1.025299244814152871e+03 -1.935509782637007277e+02
-7.041211400254187538e+03 -1.760485552548394935e+03 3.278977940924892209e+03 -2.961865415909501849e+02 1.113056487744654987e+03 4.569846030407894233e+01
-6.022271805940790728e+03 -5.454732073736555549e+02 2.721028095488405143e+03 -3.210943596840009207e+01 1.016197864293141038e+03 -2.233656155606298057e+02
-5.856231063358727624e+03 -4.425511316155987060e+02 2.626872857374114119e+03 -7.623114749185028849e+00 9.812941097944362809e+02 -2.417052640760832958e+02
-6.063018119972115528e+03 -6.134841670149319270e+02 2.776728939632241691e+03 -5.079865453208237369e+01 1.023994322348286232e+03 -2.045635240867621008e+02
-5.435727026620538709e+03 -1.705349366668766606e+02 2.325385522860920901e+03 6.404285682521573619e+01 8.909647677610761320e+02 -2.983964238872479768e+02
-6.719127718699406614e+03 -1.199325170186358719e+03 3.221013410630674116e+03 -1.826690391042554893e+02 1.107086596639442632e+03 -7.905602890593223719e+01
-6.484045693635423049e+03 -9.044707600657276316e+02 3.083733630221723161e+03 -1.185293309975124032e+02 1.080334350671821085e+03 -1.435842519226097806e+02
-7.337560876956451466e+03 -1.917996835053013456e+03 3.466433422333019735e+03 -3.249072203514869557e+02 1.154750744112033544e+03 6.701712791867724661e+01
-5.596073611050397631e+03 -2.156125024282635252e+02 2.445885034917332177e+03 5.047546925475080570e+01 9.218503458131852994e+02 -2.911785137667553158e+02
-6.432278029435185999e+03 -8.055154609921405608e+02 3.048905071876002694e+03 -9.655388204242494510e+01 1.082492291011680891e+03 -1.685798535532840674e+02
-6.885502765121638731e+03 -1.227090269290304605e+03 3.330231029380559448e+03 -1.879757778188078987e+02 1.138998496317155059e+03 -8.128890562389425156e+01
-6.244074469556251643e+03 -6.267411034275127122e+02 2.908506693283778532e+03 -5.398821741020618248e+01 1.054646309663899956e+03 -2.088303209406280416e+02
-6.995380258950631287e+03 -1.387490767952145006e+03 3.401497103313769458e+03 -2.211899071842264846e+02 1.146300866856591256e+03 -4.620337601509567804e+01
-5.943710417588989912e+03 -3.786780029915392447e+02 2.713461745693329703e+03 6.068828616252761599e+00 9.913812320256532757e+02 -2.595078975646580375e+02
-6.283455143224708081e+03 -6.407768260057473526e+02 2.957929309453935730e+03 -5.837969537162455680e+01 1.057888701884040529e+03 -2.047719156183792677e+02
-6.304770244581237421e+03 -6.324216148428932911e+02 2.971718530677603667e+03 -5.617034427667812935e+01 1.059714503885050817e+03 -2.076950875182349705e+02
-6.358685037249012566e+03 -6.754592639562320073e+02 3.011510042619465366e+03 -6.660089457862231654e+01 1.071393275028707421e+03 -1.990697271677211688e+02
-6.374228063961524640e+03 -6.526199628913166180e+02 3.011975626534426738e+03 -6.053756674921841352e+01 1.074195549093121144e+03 -2.065290073003648104e+02
-6.357942831856270459e+03 -6.781631951905848155e+02 3.028968619374365971e+03 -6.808858474018572338e+01 1.069418913878598232e+03 -1.969114530201379694e+02
-6.983279239099472761e+03 -1.265393090197804440e+03 3.438580156606732544e+03 -1.957619607989736892e+02 1.151903672053395894e+03 -7.591780898165986002e+01
-6.163748412974370694e+03 -4.849673977320238123e+02 2.886976649036122581e+03 -2.167733593671272274e+01 1.034649554474941851e+03 -2.396745917355498818e+02
-6.163748412974370694e+03 -4.849673977320238123e+02 2.886976649036122581e+03 -2.167733593671272274e+01 1.034649554474941851e+03 -2.396745917355498818e+02
-5.812683815317606786e+03 -2.287078508554470204e+02 2.646782470143813498e+03 4.094083486582270126e+01 9.577471315976861206e+02 -2.897242557206193965e+02
-6.352199514655434541e+03 -5.927956719388946567e+02 3.033317239819142287e+03 -4.838859470904549198e+01 1.069350734516845932e+03 -2.188082818577073567e+02
-6.093622192318254747e+03 -3.998456022522159969e+02 2.847152433225620371e+03 -1.699970559993014163e+00 1.020246051330177579e+03 -2.582251190268034406e+02
-5.871874019174783825e+03 -2.126587001892429782e+02 2.695521674255549442e+03 4.376592268090659132e+01 9.668248251081296303e+02 -2.951812725550498158e+02
-6.423333411530105877e+03 -5.908551314059899369e+02 3.100464885077984036e+03 -4.866774127656660909e+01 1.076925285999888729e+03 -2.204289248588299301e+02
-6.308918722914166210e+03 -5.201801511318785742e+02 3.028531426118734998e+03 -3.268890681820775512e+01 1.057438101971323249e+03 -2.332353915154492370e+02
-5.780389922567831491e+03 -1.387338997810985859e+02 2.629136446195073404e+03 6.217759545068606997e+01 9.450091519468660408e+02 -3.101003630378809817e+02
-6.930506081034271119e+03 -1.041491681926184810e+03 3.473117495668890115e+03 -1.493922561679056571e+02 1.154482329867639464e+03 -1.281567732212949124e+02
-6.064655780131845859e+03 -2.972349999381349903e+02 2.858379636707741156e+03 2.036548234442582839e+01 1.007098942485564635e+03 -2.794187520548778707e+02
-6.615415660959299203e+03 -6.782809984018477962e+02 3.259891372094362850e+03 -7.012923388323856955e+01 1.113033286246526814e+03 -2.057611144858327350e+02
-6.124563193288297043e+03 -2.767508918730147229e+02 2.917460116650805048e+03 2.344414279945197066e+01 1.012526269932901187e+03 -2.842271656666123363e+02
-5.785690899163342692e+03 -8.029450292067160433e+01 2.652283540573093887e+03 7.379240727509987607e+01 9.398904882823321714e+02 -3.217156203270220090e+02
-5.593659435169897733e+03 -8.878221070275865046e+00 2.526144026549735827e+03 9.114303409203350270e+01 8.995326997668485092e+02 -3.307270135551585213e+02
-5.738954052839190808e+03 -4.796383543747229083e+01 2.619278864450786386e+03 8.180438489694614645e+01 9.298333437583930845e+02 -3.280640082184099242e+02
-6.073172362953422635e+03 -2.327258255429607914e+02 2.882736644369582791e+03 3.385562516287587442e+01 1.003234434722827359e+03 -2.934398745440704488e+02
-5.848879324293066929e+03 -6.245616986217478228e+01 2.685586235995082916e+03 7.875063333820443745e+01 9.517294469997973465e+02 -3.302495305044591305e+02
-5.763814859810912822e+03 -3.081104403171692852e+01 2.644588840320359395e+03 8.455993202668045683e+01 9.311330553635020806e+02 -3.314606379324542331e+02
-6.735953396579845503e+03 -7.043592945195990751e+02 3.357722662781389772e+03 -7.670540317129983521e+01 1.136857880217840602e+03 -2.045199866841561231e+02
-5.893660662748931827e+03 -9.959448644465281575e+01 2.751797491052259829e+03 6.607096382030472626e+01 9.600952061542283218e+02 -3.182775897368967435e+02
-5.962251248649335139e+03 -9.335793987262438520e+01 2.821709692983804416e+03 6.479640467061953757e+01 9.702626295906685527e+02 -3.194520025536908179e+02
-6.830329266428865594e+03 -7.282387963021687938e+02 3.444954961111478497e+03 -8.301983615028547092e+01 1.154609694149570032e+03 -2.020217318346400077e+02
-6.533028066983925783e+03 -4.553995654191671179e+02 3.260092361616495964e+03 -2.255206741091745570e+01 1.090156971499250631e+03 -2.528534000019495807e+02
-6.647758156056688676e+03 -4.408063870598280687e+02 3.352354477678867170e+03 -2.018788037544730685e+01 1.111088123493616649e+03 -2.608198028945856777e+02
-6.205288655783466311e+03 -1.677285785286538271e+02 3.028829109706009604e+03 4.349987086815949766e+01 1.023132030065862750e+03 -3.092410837179872374e+02
-6.897386920704733711e+03 -6.466273244755739142e+02 3.541604936142924089e+03 -6.690525188447449523e+01 1.161856471792077627e+03 -2.217951458583405326e+02
-5.987742253347382757e+03 6.253741319278327992e+00 2.859574849524460205e+03 8.504632010436858991e+01 9.679758832562040425e+02 -3.413949335612929303e+02
-6.594077979521795896e+03 -3.531603902598507148e+02 3.331607268154446956e+03 -1.714928434804195545e+00 1.101228376103637174e+03 -2.788552753248169438e+02
-6.440840605403301197e+03 -2.444901644710530491e+02 3.220291001620221778e+03 2.314616789695546117e+01 1.067289180709924949e+03 -2.978577411782669060e+02
