-5.999215666101416673e+02 9.847741234317565613e+03 2.428208563858603156e+03 1.246499724505870063e+03 1.554134122136610330e+01 2.618072471515381494e+02
1.335947437915659179e+02 -9.963254251287569787e+03 -2.511928939730533330e+03 -1.276944419130660890e+03 -1.265557906331147464e+01 -1.849835414497329467e+01
1.048645756367587410e+03 1.069630596749246615e+04 -3.052526336744431774e+03 1.728864391166333007e+03 2.554914728062628271e+01 6.685204875365241151e+02
-5.681524432379072778e+02 9.406571178376168973e+03 2.273003674679141568e+03 1.190195176188648929e+03 1.487271593819572679e+01 2.525338994274598576e+02
-4.065401133757096659e+02 2.026925602637940392e+04 1.033696216537806777e+03 2.590220429818063621e+03 3.212239020012828661e+01 5.308474486409771771e+02
-4.065401133757096659e+02 2.026925602637940392e+04 1.033696216537806777e+03 2.590220429818063621e+03 3.212239020012828661e+01 5.308474486409771771e+02
-5.688301577033524836e+02 9.104151981583372617e+03 2.266267148455719507e+03 1.153458838224824149e+03 1.444805442089477587e+01 2.473695972203678082e+02
-2.261657072589864867e+02 3.646938216396732059e+03 8.969135314220714008e+02 4.597225992706834745e+02 5.762657502594327852e+00 9.891589927131846594e+01
-1.194803516801269097e+03 1.043840860793704269e+04 -2.851672833106084454e+03 1.615405564817968525e+03 7.832273013945941997e+00 -6.019558519505959566e+02
-1.194803516801269097e+03 1.043840860793704269e+04 -2.851672833106084454e+03 1.615405564817968525e+03 7.832273013945941997e+00 -6.019558519505959566e+02
-5.822739321049569980e+02 -1.744843499187375346e+04 -4.168786110797173023e+03 -2.099198726823745346e+03 -1.552630491410434921e+01 3.732404766653671686e+02
-1.029003176060271699e+03 -1.666953109170899916e+04 6.561040935161391644e+03 -3.580357444795400170e+03 -4.338682062983097865e+01 -6.561767928733224835e+02
-1.564952230342841858e+03 3.122928474108680894e+04 3.297649484366203069e+03 3.822288412348434122e+03 5.674430107938006529e+01 1.497780799730113813e+03
-1.129350390745628552e+01 2.870792558806974171e+02 -2.491240033848043822e+01 3.489551406537744072e+01 1.874186931855514882e-01 -1.160934641039802884e+01
9.271473892441244971e+02 9.491718528521567350e+03 -2.729757104719921699e+03 1.538712126807698496e+03 2.265123494360533840e+01 5.882746109337671214e+02
-1.551574419764271852e+03 1.393787893803192856e+04 3.681692259560552884e+03 1.650234028842796306e+03 2.454693488970027815e+01 6.503345459861910740e+02
8.556071474112110309e+01 3.243964455818472925e+04 -1.057450966737237422e+03 4.158394861097299327e+03 6.153950196005524731e+01 1.614611077294718598e+03
1.501712591773210079e+03 1.519542965305830512e+04 -4.329690274861668513e+03 2.461436238216118909e+03 3.648890641622474362e+01 9.604963795059869653e+02
1.604113812299236770e+02 -1.081509400087609720e+04 -2.728845731427384180e+03 -1.387648773331724442e+03 -1.385490339922720437e+01 -2.791372487925763579e+01
1.352466520972248190e+03 1.468149339458669419e+04 -4.011616622087223732e+03 2.314482783009226296e+03 3.404798933712394415e+01 8.830831934117086348e+02
-7.988006581767284615e+02 -2.496417174068878376e+04 -5.721484533383350026e+03 -2.999800524639780633e+03 -2.212380044867468953e+01 5.382342884501297249e+02
2.901189679666796906e+02 5.413528202588663589e+03 -2.010154684922194292e+03 1.101991914418764509e+03 1.319149092541670676e+01 1.895399023260580407e+02
-1.190748887239956533e+00 2.987214933264676375e+01 -2.632287083467776956e+00 3.626771132455313129e+00 1.944564578162362445e-02 -1.209125995727424518e+00
-6.644447795958348024e+02 -2.343793501433482015e+04 -4.839967055091689872e+03 -2.837372953166717707e+03 -2.084186550072251265e+01 5.155158052090728233e+02
-1.707058881010736059e+03 1.669940619847032576e+04 -4.003996018229785477e+03 2.510527159972397385e+03 1.209783777818298844e+01 -9.412000224232426717e+02
-1.521663004577515949e+03 1.314639674209818622e+04 -3.545967786756846635e+03 2.033156089840303594e+03 9.614200474670433039e+00 -7.762470471480489778e+02
-1.813877164973513800e+03 1.510912175485330226e+04 -4.377453792389223963e+03 2.383870700198681789e+03 1.163443997555713239e+01 -8.824797498849360409e+02
8.449291671392445835e+01 -2.683645422081091056e+03 1.782857207141650520e+02 -3.279850223177447219e+02 -1.817592900098302877e+00 1.048320161267046018e+02
1.338983111812055711e+02 -8.327384224226727383e+03 -2.103406392092381793e+03 -1.069540818348462381e+03 -1.074756701519807578e+01 -2.677552976032029264e+01
3.881444185674682785e+02 -1.763457825244144624e+04 6.385659286573302325e+02 -2.099749928916659428e+03 -1.132757133042422737e+01 6.947303498012111049e+02
-1.146812204311647065e+03 -2.276335484611910579e+04 -7.900407557990642999e+03 -2.498003995749360001e+03 -1.870473510031822428e+01 4.266561962546079485e+02
-2.250724861811909534e+02 -3.859777226291551415e+03 1.288725879118604553e+03 -7.252725296876759558e+02 -9.004903933228236568e+00 -1.494424885702632082e+02
-7.222472068414473370e+02 1.195072967085234268e+04 2.647843201725294875e+03 1.508576145054416884e+03 1.924013833018274511e+01 3.498288067649402251e+02
-7.641107170760225245e+02 1.093914539437950953e+04 2.846173800070162542e+03 1.374027980846170749e+03 1.756510296162542062e+01 3.217610068325452062e+02
1.179158147388698580e+03 1.207874204466074843e+04 -3.523379033342601360e+03 1.985134697654355705e+03 2.907418878673717444e+01 7.475711002869390995e+02
-1.474316414542887287e+03 -2.953996620847468876e+04 -5.367161615915898437e+03 -3.279881419959504456e+03 -1.815186879625867178e+01 1.050183301563376745e+03
2.698338519401879765e+01 -9.714222796040168078e+02 5.440231160236263008e+01 -1.183360960909575965e+02 -6.634227145181051943e-01 3.723885429518371382e+01
1.096272250768335539e+02 -7.257240814694289838e+03 -1.478047729166280760e+03 -9.392848003461349435e+02 -9.454246431061610778e+00 -2.470693458676015908e+01
-8.416262126591592505e+02 1.054411660106281488e+04 -3.108345554945316962e+03 1.741989882755428880e+03 1.161644105153933104e+01 -4.066808461349378945e+02
-3.345359877831953099e+02 -2.143973849554057961e+04 -6.085364786684376668e+03 -2.698204069877903748e+03 -2.310519808698047228e+01 2.389787858286649680e+02
-2.281084667350073971e+02 9.391891541333281566e+03 1.115065753713953200e+03 1.193350711711905433e+03 1.352549510666386645e+01 1.471651496955214782e+02
-7.612181001599747106e+02 -2.535957663058524486e+04 -5.367804295626088788e+03 -3.057348812087339411e+03 -2.232631824144975141e+01 5.655290793914564347e+02
1.734923154285308158e+02 -7.473921992045006846e+03 -2.730822959928744240e+03 -8.730997753043485545e+02 -8.908010071038008348e+00 -3.213791834856350249e+01
3.814596785872999618e+01 -1.302213136055374207e+03 8.025998724624253100e+01 -1.586602072942689290e+02 -8.991144814970439825e-01 4.919235369888711773e+01
-7.612181001599747106e+02 -2.535957663058524486e+04 -5.367804295626088788e+03 -3.057348812087339411e+03 -2.232631824144975141e+01 5.655290793914564347e+02
8.587904234620484090e+01 -5.447447604738536938e+03 -1.159999278214908600e+03 -7.088155335936767187e+02 -7.152522307231047982e+00 -2.002372469432110336e+01
-2.236571281742539554e+02 -1.726433519868229268e+04 -1.266355939113637533e+03 -2.016257120178873720e+03 -1.163828828740042276e+01 6.089009132504148738e+02
1.171730436023308926e+02 -7.520726411161330361e+03 -1.522403492992183374e+03 -9.723862524292538865e+02 -9.819304766522998662e+00 -2.801553474642402008e+01
1.920622989736194386e+00 -5.065181299722091524e+01 -1.161945724454158757e+01 -6.535074766832076776e+00 -7.408824634605226667e-02 -8.073944264404777638e-01
3.500507663996011587e+01 -2.526701154791782301e+03 -3.466675775205340528e+02 -3.191305445031961767e+02 -3.227566636134777234e+00 -9.572094750957875320e+00
3.500507663996011587e+01 -2.526701154791782301e+03 -3.466675775205340528e+02 -3.191305445031961767e+02 -3.227566636134777234e+00 -9.572094750957875320e+00
1.242990962848914933e+03 1.326415087907046654e+04 -3.737482953005664967e+03 2.147735045125468787e+03 3.142852911380181169e+01 8.067317812111263038e+02
-8.057274908350025555e+01 1.243293340856151190e+03 3.534897439788281872e+02 1.587981892820805285e+02 1.950291325522831132e+00 3.108930040763900848e+01
1.194167222691844472e+03 1.238210330358938154e+04 -3.582956272465048642e+03 2.013130049043148119e+03 2.945359711055035135e+01 7.557729346387967553e+02
2.476130513038044683e+02 -1.129245672364637539e+04 4.023635993519683325e+02 -1.343853729126156622e+03 -7.196356902638443742e+00 4.487126940597373164e+02
5.090086009641001965e+02 7.992584297828588205e+03 -2.770976637189210578e+03 1.548515364747758440e+03 1.939193682436494015e+01 3.317460530870185380e+02
1.203869158902105312e+02 -7.513194812668100894e+03 -1.574785814592657289e+03 -9.733119971729247482e+02 -9.842988416127020912e+00 -2.913843759111569653e+01
1.383877094369748022e+02 -8.616152670249215589e+03 -1.816510623323057644e+03 -1.116537864528504542e+03 -1.129150042577228419e+01 -3.343281303033155183e+01
1.296193789342077878e+02 -8.208224423854930137e+03 -1.622852505493275657e+03 -1.056336109405703155e+03 -1.069139236117263536e+01 -3.229621193696419823e+01
2.356762435239403715e+02 -8.824541507111423925e+03 4.361864716978673187e+02 -1.053599025115838003e+03 -5.628047390610491973e+00 3.528665788514871906e+02
-1.844963750569701006e+03 -2.839330687828982263e+04 -7.098959694767809196e+03 -3.164918118795639657e+03 -1.867900138918264119e+01 9.244091892461156021e+02
-5.752636148170070101e+02 1.008201492589176814e+04 2.480454776710286296e+03 1.281820275831225217e+03 1.571979162156473997e+01 2.491961254167409265e+02
-1.194210408493924206e+03 -2.611134162642562660e+04 -4.812864711569071915e+03 -2.947654617836170473e+03 -1.731943610738973760e+01 8.668620450852447448e+02
-1.166520027187769983e+03 2.005057957171445742e+04 -2.226515782567788392e+03 2.280993770406278145e+03 9.569064712255583416e+00 -9.639415560812423109e+02
-1.490655391428933171e+03 -3.288610582978944876e+04 -6.067628650720949736e+03 -3.715347068443104035e+03 -2.194676824048914909e+01 1.083710542480201184e+03
-2.184470323004173054e+02 2.785460318337081389e+03 -7.992234883815364128e+02 4.565141323803620708e+02 3.034714468715955960e+00 -1.073066407493069931e+02
1.535249562152632734e+02 -4.814717398437570409e+03 3.076163970054130914e+02 -5.776949600077709874e+02 -3.062299808086614394e+00 1.952831970747705839e+02
1.117786986084391998e+02 -6.742571248722173550e+03 -1.375079559266456954e+03 -8.729373799892399575e+02 -8.868567540831330476e+00 -2.924244718460197134e+01
1.611537462050852128e+03 -2.191988109555376286e+04 8.385685625628209891e+03 -4.532912858076977500e+03 -3.431141326802354286e+01 7.459572727563702301e+02
-1.176041822086533330e+03 1.052392954094605193e+04 -2.984563190573558586e+03 1.649660376615280484e+03 8.481678852872823526e+00 -5.777604145602310837e+02
2.449024564906071930e+02 -1.237933085670362198e+04 3.626751404546751019e+02 -1.452088574716242420e+03 -7.759959434916582133e+00 4.860755753390068321e+02
-9.830203296424975861e+02 1.383018401539980368e+04 3.404906217316635320e+03 1.733833228514837856e+03 2.258845005084454627e+01 4.384200505569581878e+02
2.543974929324936056e+02 -8.709346511428231679e+03 4.875763275544562703e+02 -1.041308429589909792e+03 -5.504462092180721910e+00 3.531803861228016217e+02
-2.904801651054003742e+02 6.149907734989758865e+03 1.234755433778808992e+03 7.916075744331193391e+02 9.648931407129468951e+00 1.493781361110773105e+02
-2.837596897984431052e+02 8.355152264305259450e+03 -4.561561750146823329e+02 9.166718706831823056e+02 3.759588961441310495e+00 -3.939570267146771698e+02
-1.845078232875428739e+03 -3.169619375042480533e+04 -7.407120824866738076e+03 -3.554506366431934566e+03 -2.133804861022390398e+01 1.010690510440955450e+03
9.792007813598529538e+02 -8.907425051378304488e+03 2.525354632544752803e+03 -1.391383905007094427e+03 -7.262706451569030719e+00 4.789729045879468003e+02
-2.900660048869749517e+02 -2.042155888600726030e+04 -5.035257800467555171e+03 -2.545252531513835038e+03 -2.153948130496641866e+01 2.450058291512465019e+02
-1.254408888839482415e+03 1.743184090213356831e+04 4.232283757863520805e+03 2.175764876060946790e+03 2.855561499170601891e+01 5.662006059652682097e+02
-6.086358645791867694e+00 1.388272146711786661e+02 3.479123899833385281e+01 1.778871782013800029e+01 2.047973773421520316e-01 2.436836036944433737e+00
-1.626631163580123712e+03 -2.779448055484015640e+04 -6.539667748185464916e+03 -3.127797415961714250e+03 -1.880172842993505355e+01 8.874285527272261334e+02
-4.369823228756141020e+01 -1.561606521409694142e+04 -9.638979456746922096e+02 -1.957819504476530483e+03 -1.392208139105787978e+01 3.908150013747094249e+02
7.212317171927455774e+02 6.896908793050742133e+03 -1.987992975877607250e+03 1.125962892187059197e+03 1.693296321390614878e+01 4.578328467371330817e+02
-1.138518022465482773e+03 -1.365196860517093592e+04 5.635266761460771704e+03 -3.107170822631409919e+03 -3.948977606316542932e+01 -7.099348039709633440e+02
-1.785505960180960756e+03 1.314006752026946197e+04 -4.341923321896716516e+03 2.331875208333123283e+03 1.135209074651354832e+01 -8.654176589199738601e+02
-1.117638541596609230e+03 1.584228330492322493e+04 3.713395990961140342e+03 1.975967491082965580e+03 2.601759495875521111e+01 5.206461464804423258e+02
-9.506946516658242672e+02 8.095885803393703100e+03 -2.159857947605539721e+03 1.249372373854311263e+03 5.743694054788177183e+00 -4.895612406377179582e+02
-1.256492341964840875e+02 1.585022234955639033e+04 6.252023217660632071e+01 1.675462120558698189e+03 6.653528254218622706e+00 -7.367414067535070217e+02
-7.430851619664558712e+02 -2.046855332369527969e+04 -4.813344884799731517e+03 -2.442007090890138443e+03 -1.758519679850557793e+01 4.706398985474132246e+02
-2.131559684395315060e+02 -1.686474432274138962e+04 -3.729489282279752388e+03 -2.112248186508492381e+03 -1.776425824321189140e+01 2.118036029077772469e+02
-9.180738853245892983e+01 2.727935518211178533e+03 5.488568338041374091e+02 3.569902537340635718e+02 4.028437682533523301e+00 4.267029470669263702e+01
1.057551101058255085e+02 -1.076698798989357965e+04 -2.765206602112778910e+03 -1.381898897614023099e+03 -1.343893483196105976e+01 -3.787794018181874778e-01
-2.383004218982947577e+02 4.423068141866059705e+03 -5.036644777475009391e+02 5.233040801252612937e+02 2.508954752200287963e+00 -1.971636121869933334e+02
-3.018886351188190474e+03 2.126807054655921092e+04 -7.227301509183103917e+03 3.915006893618753111e+03 1.870584064398896018e+01 -1.479974021758529716e+03
-1.089666736459859749e+03 -2.948878703682242849e+04 -4.737173130163184396e+03 -3.399036179195159093e+03 -2.041139247988112970e+01 9.659757971365989988e+02
1.560196472801000027e+03 1.738798986021706150e+04 -4.788722751963841802e+03 2.723920709250133314e+03 3.963676244458102360e+01 1.006083730759115383e+03
6.509039941430980889e+02 6.046300583426070261e+03 -1.780092264818852300e+03 9.931969585171373183e+02 1.496590214943099006e+01 4.061087238087957303e+02
-1.044408793506614614e+02 3.216020958430013252e+03 6.169090409878407399e+02 4.186162731343011387e+02 4.721997069662366542e+00 4.989438019432007110e+01
1.070837121978733677e+02 -1.126669002455341615e+04 -2.185823550814980081e+03 -1.445586836570590094e+03 -1.402983536932665132e+01 1.780356271579376148e+00
-2.958583615546479564e+02 -1.912032487338668579e+04 -4.712161308120429567e+03 -2.379898095228329566e+03 -1.998099658116919741e+01 2.412594649760599737e+02
1.560196472801000027e+03 1.738798986021706150e+04 -4.788722751963841802e+03 2.723920709250133314e+03 3.963676244458102360e+01 1.006083730759115383e+03
-3.554129337348160789e+03 2.731862074930232120e+04 -8.780736509265101631e+03 4.773650450800266299e+03 2.366990214259186942e+01 -1.738685824959185993e+03
4.815239164750501573e+02 3.336950509088778199e+04 -1.997858702886372839e+03 4.302928206094343295e+03 6.511771507187249597e+01 1.780793204662047401e+03
-1.381808758333850164e+02 5.391684889934712373e+03 6.294812401566474591e+02 6.815406497521779556e+02 7.847366524845723390e+00 9.343514412916594836e+01
-5.573272658055806517e+00 -1.437753118430772520e+04 -4.134766427502174338e+03 -1.837229090553860942e+03 -1.701724411044146734e+01 6.447864942119100817e+01
-7.181600646407310933e+02 6.682329842474666293e+03 -1.880899116454882233e+03 1.049016125184022940e+03 5.556197699031454107e+00 -3.549540345855972987e+02
1.453441099832550094e+02 -7.506403455256388042e+03 -1.483755971546763249e+03 -9.670222683527363188e+02 -1.001668321603198386e+01 -4.709679135419214191e+01
4.647037816241481067e+01 -1.072759536357501247e+03 -3.026989173613313255e+02 -1.380592073342936601e+02 -1.558130040243003833e+00 -1.651784800065935954e+01
1.020684074109895363e+02 -5.094691853028130026e+03 -1.068618032150287263e+03 -6.612168052462698142e+02 -6.852462210066595283e+00 -3.246289213099858273e+01
1.590914818435213647e+03 3.581960949036764214e+04 -5.329790313324428098e+03 4.793625970619869804e+03 6.993286073149228343e+01 1.784225219389769109e+03
1.636275665794428562e+02 -8.105514093146537562e+03 -1.710001721320012621e+03 -1.051503258844482161e+03 -1.090325701308343120e+01 -5.209039651801659687e+01
8.632955481632734518e+02 3.113643020240812984e+04 -2.199853522124954907e+03 3.692106085170649749e+03 6.238882162841288448e+01 2.026199013096530734e+03
-3.296215991646153753e+01 9.944893376330936690e+02 1.983322643258858022e+02 1.294165025408811971e+02 1.457816496817968988e+00 1.527180166731329081e+01
-1.499466714264756092e+03 2.033960921534198133e+04 -4.262447018607615973e+03 2.606889158782635604e+03 1.516930981662551758e+01 -7.779580689105007423e+02
-1.499466714264756092e+03 2.033960921534198133e+04 -4.262447018607615973e+03 2.606889158782635604e+03 1.516930981662551758e+01 -7.779580689105007423e+02
1.460085733965996269e+03 3.367730231226357137e+04 -4.915949904527988110e+03 4.498177860284803501e+03 6.560897353784318398e+01 1.673211157916372031e+03
-1.688750478843210772e+02 -1.633379029160551454e+03 4.593686725052486963e+02 -2.642858989175382476e+02 -3.995183482563903876e+00 -1.090438983650391975e+02
4.828223943631080601e+02 3.298724015035112825e+04 -1.977683118463872233e+03 4.237198193745366552e+03 6.429228024196820002e+01 1.766535431608343970e+03
4.485933487117189600e+01 -6.498825437737529683e+03 -4.429224790418453495e+01 -7.127627145156293409e+02 -3.191248118759113961e+00 2.858320403510210213e+02
-4.873926920660478004e+02 8.935250779014073487e+03 2.223937929441445704e+03 1.138131213940607722e+03 1.377012172585839167e+01 2.069221887835961695e+02
-3.926480694413734227e+02 4.877029497330379854e+03 -1.855184731049965649e+03 1.015867453440797817e+03 7.439566290526157921e+00 -1.862887402679248225e+02
1.603244347571433366e+02 -6.876765028564920613e+03 -1.738155039618182627e+03 -8.851469758939780377e+02 -9.226742853479244388e+00 -4.755572646169534323e+01
1.603244347571433366e+02 -6.876765028564920613e+03 -1.738155039618182627e+03 -8.851469758939780377e+02 -9.226742853479244388e+00 -4.755572646169534323e+01
3.293220919143612946e+02 -8.905164600770334800e+03 -2.056424066484003106e+03 -1.147265602241508304e+03 -1.293244497229249390e+01 -1.360739352637293393e+02
1.554170493443289843e+03 1.751366890035861798e+04 -4.805809679774097276e+03 2.748549997943389826e+03 3.990902402638639757e+01 1.008594313130451610e+03
-5.256671787653577894e+02 9.742314831176221560e+03 -9.575096042946257739e+02 1.091069464288029394e+03 4.393594132568233945e+00 -4.751216581690413250e+02
2.390595915516133232e+02 -7.252827589785028977e+03 7.961392306109507899e+02 -9.003339689016490865e+02 -6.300690334383367563e+00 1.874915933750386898e+02
-1.523274538497065578e+03 -3.123096845919868792e+04 -5.403885575079857517e+03 -3.438350597904178358e+03 -1.860596930613901279e+01 1.133264175329318732e+03
2.224058102107942432e+02 -1.074524891289685183e+04 -2.189561984180936179e+03 -1.390567896652648642e+03 -1.449690944363992529e+01 -7.483828957102826962e+01
5.474814465819265479e+02 7.345063411271959922e+03 -2.383427029994792065e+03 1.345987374363507570e+03 1.772546193968270956e+01 3.548692076703036946e+02
-1.607374638787848198e+03 1.547277595814872984e+04 -4.307236597621741566e+03 2.423377532583568154e+03 1.310768038865703033e+01 -7.991894678193168602e+02
1.503538035426396675e+02 -6.126730831830248462e+03 -1.546153984403222466e+03 -7.876536197161995005e+02 -8.261683007193804329e+00 -4.623365195263626504e+01
-5.994766063479301010e+02 2.173313587966733394e+04 1.391662803622931733e+03 2.830905339838678628e+03 3.802067341616009344e+01 8.029676964343523196e+02
-2.265362710608827399e+02 -2.502631223147608762e+04 -7.130905278486685347e+03 -3.159164294662992233e+03 -2.800392049545530426e+01 2.070486717628277233e+02
-3.576935052205589471e+01 1.242334852059042896e+04 -4.227768089404873535e+03 2.352627782228947581e+03 2.348490830344984914e+01 4.695992056621997079e+01
1.016301484590881159e+03 1.556988412483211869e+04 -4.374336537363152274e+03 2.625612315300584669e+03 3.483542917608819067e+01 7.120050521305005304e+02
-1.387613207888700344e+03 -3.028986090899630290e+04 -4.937149089814973195e+03 -3.356579180370564700e+03 -1.805363814845317805e+01 1.114712336374205506e+03
-1.266813456555719085e+03 1.847211060163739239e+04 3.834271984966899709e+03 2.301473098337658939e+03 3.105381867504497251e+01 6.637882717421655343e+02
1.631873537073680836e+03 1.818405059417728626e+04 -5.051075102512835656e+03 2.894298171111165175e+03 4.199552703284123112e+01 1.059801230875405281e+03
-5.180908693778885521e+01 1.595909762792545735e+03 3.124600761828569375e+02 2.073496364762254700e+02 2.332141151208119823e+00 2.419639853693031384e+01
-1.923843527588026063e+02 -1.743269756032759688e+03 5.159043116877942339e+02 -2.869921392958970614e+02 -4.352562426682800023e+00 -1.194930595897186265e+02
-1.176028347960639394e+03 1.150710163138483040e+04 -3.183921469007809264e+03 1.799286210800208437e+03 9.822327588382812280e+00 -5.864721404708453747e+02
-5.180908693778885521e+01 1.595909762792545735e+03 3.124600761828569375e+02 2.073496364762254700e+02 2.332141151208119823e+00 2.419639853693031384e+01
-4.011991281363924372e+03 2.696043690814997535e+04 -9.790096866777126706e+03 5.168061437473171281e+03 2.508092493647271581e+01 -1.923989776285844528e+03
7.756230472476270279e+02 7.123457823901926531e+03 -2.079747045534560129e+03 1.172247349788148540e+03 1.778627258375490783e+01 4.886780673151384917e+02
-5.376050115801679112e+02 -2.420395918693053318e+04 -2.769179310650550633e+03 -2.844027206508674681e+03 -1.748639486265116361e+01 7.770577741126368210e+02
1.109172252427288186e+02 -1.291189000589093484e+04 -2.571274552054350806e+03 -1.661590960892315252e+03 -1.602739352975801523e+01 9.603521732299128644e+00
1.240571604375463153e+02 -4.966125941221866924e+03 -1.205465393183883180e+03 -6.404197373800342348e+02 -6.752239150623560171e+00 -4.025934330163269692e+01
-1.367445431666498962e+03 1.743207390219653826e+04 4.165926345876614505e+03 2.151023500095365307e+03 2.914085880643398951e+01 6.293473808412192056e+02
6.380670044599753510e+01 -2.120709046958811086e+03 1.213034793942401137e+02 -2.524185541330677154e+02 -1.309395025156219639e+00 8.751802431052340125e+01
-2.577370652775904318e+02 4.845886928267161238e+03 1.206472174737036084e+03 6.177001731135958380e+02 7.427913378362604568e+00 1.088183891681723026e+02
-9.778370943396989787e+02 9.706992731571768672e+03 -2.685788605023637047e+03 1.517740562217246179e+03 8.385378682716646992e+00 -4.870551275973630823e+02
6.235093528651815404e+02 5.749020113158852837e+03 -1.669594381982680716e+03 9.412666363788665649e+02 1.429056258504884980e+01 3.930701272233770851e+02
-5.128865472110527435e+02 -2.245619381655814868e+04 -3.514702991990022383e+03 -2.723043671817520135e+03 -1.918352865822458853e+01 5.573374272595765433e+02
-2.094491779813886751e+03 1.513409514417358878e+04 -5.305565897897194191e+03 2.820855378084679160e+03 1.424853992765488542e+01 -1.007432863174170961e+03
-9.127463750438917600e+01 -1.415950330494129412e+04 -3.576248594480301563e+03 -1.792754484587172556e+03 -1.593502010935138991e+01 1.141745654067170079e+02
-1.831365227671057738e+01 8.141764222045680071e+03 -3.059120138899316771e+03 1.668836032696433904e+03 1.665423469315024718e+01 3.294546396626615348e+01
-2.848825613526960865e+02 6.173991189883849984e+03 1.310217942356620824e+03 7.971329602352811889e+02 9.554091359485537893e+00 1.380180684530600104e+02
5.426819060533208017e+01 -1.626471170008683112e+04 -3.018206362902261844e+03 -2.075254724892954073e+03 -1.924204121766108599e+01 7.129549415213283226e+01
-9.822643226258284699e+01 -1.642016991518480791e+04 -4.085166248287154303e+03 -2.069511613643433066e+03 -1.841889380797430675e+01 1.299727232575854998e+02
-8.519106103160211205e+02 1.129468660081530106e+04 2.514776008478358108e+03 1.399270055670941701e+03 1.909977533324335042e+01 4.203534763798541576e+02
-9.447394848834941286e+02 -2.686567723024166844e+04 -7.495237455762568061e+03 -3.283065813028128559e+03 -2.509702306795855264e+01 5.214497446356178898e+02
1.502982328676388533e+03 1.687627779460989041e+04 -4.697389011108710292e+03 2.683709343025611361e+03 3.882271570900917368e+01 9.737262080866053111e+02
-5.961824598793131145e+02 -2.242282319526628999e+04 -2.332012977115997728e+03 -2.517976116225043825e+03 -1.327923938713672491e+01 8.563949994833566279e+02
-1.303941863266997416e+03 1.343610819925651413e+04 -3.705436885234105830e+03 2.079528677241033165e+03 1.180820693831972079e+01 -6.429432862524691927e+02
1.070173026825654688e+03 1.412728314717228750e+04 -4.325985736213394375e+03 2.474758776063815731e+03 3.324301787376382578e+01 7.023770129568025595e+02
-1.285356574200862383e+02 4.146897426303662542e+03 7.765141680683723280e+02 5.375948784827522786e+02 6.028404691239538593e+00 6.134738716994061747e+01
-1.365233508709491694e+01 4.194448974103672754e+02 -3.451225461144682782e+01 5.259993038525822584e+01 3.245053845984056662e-01 -1.428772370788150248e+01
-1.488187343128729481e+02 2.865223469943734472e+03 7.142787560714282336e+02 3.654426612083235568e+02 4.368952668888651303e+00 6.242618060180927131e+01
-1.488187343128729481e+02 2.865223469943734472e+03 7.142787560714282336e+02 3.654426612083235568e+02 4.368952668888651303e+00 6.242618060180927131e+01
-1.574308303276614822e+02 -1.981656778817724262e+04 -5.660346803038951293e+03 -2.507506337195254673e+03 -2.235834368510754544e+01 1.543262582408932531e+02
5.991500574705639792e+02 5.452879645067049751e+03 -1.587531701040576763e+03 8.944917931317299917e+02 1.362833773660370973e+01 3.772018257159170389e+02
2.035167207242559755e+02 -4.768826866674879057e+03 4.126972438142695978e+02 -5.601518602790395107e+02 -2.733828371513375100e+00 2.073600701708635938e+02
-4.940378111623829682e+03 -3.627282041434855637e+04 1.060055313697084966e+04 -6.117579771370019444e+03 -1.007387258603943820e+02 -3.155741829475581198e+03
-1.399543360136165802e+03 1.770005809393957679e+04 -4.873245877781285344e+03 2.735807751873592224e+03 1.775743894854107552e+01 -6.758803264785284455e+02
-1.813240200942208276e+03 1.514701696986843672e+04 -4.877140026260540253e+03 2.677414450352325730e+03 1.437063247158875434e+01 -8.914621148238501291e+02
2.030958950117752337e+01 -5.798002211006129983e+03 -2.857403873888403041e+02 -7.212939968401938131e+02 -5.834125147157077862e+00 9.007153935071633555e+01
3.345487579350527341e+01 1.104659082373468664e+04 -3.765993964957760454e+03 2.095861316095908478e+03 2.139641799673035294e+01 7.813222111650487989e+01
5.655791189820218960e+02 3.260970130369709295e+04 -2.126435228557699702e+03 4.174406457280984796e+03 6.384565387065040198e+01 1.779061075202212351e+03
-1.130218060550277642e+03 1.191405540709148954e+04 -3.256877051159623079e+03 1.840780266935517830e+03 1.057178553836562607e+01 -5.600073314452704381e+02
-8.804085857010737470e+01 1.945231679685824702e+03 4.886135979359719954e+02 2.499333292379808995e+02 2.895157007299081986e+00 3.559382484089719156e+01
-3.432833162970145167e+03 -2.377113219572758680e+04 7.404858822859046086e+03 -4.229858230151706266e+03 -6.938625718947055532e+01 -2.161531972082746506e+03
1.282174424132146896e+03 1.455306383430815731e+04 -4.020569093459021133e+03 2.281942181392944349e+03 3.298583678802403085e+01 8.260503826669199725e+02
3.184023335804846511e+02 2.862634689760481706e+03 -8.391729147855709243e+02 4.698611325728286374e+02 7.170326459552462062e+00 1.990243280210203523e+02
-1.161593015353972987e+03 2.404096097984242442e+04 3.079925674753079420e+03 3.065454931966291952e+03 4.210016493810174154e+01 9.405647176356167165e+02
2.134611401787236673e+02 -6.566500636533647594e+03 -1.917308791228969085e+03 -8.509500256858743796e+02 -9.142066155525881754e+00 -6.650251676353914831e+01
-3.547593358617953072e+02 3.250846994798722335e+03 -9.900107475606537264e+02 5.468133293109049191e+02 3.038318600596502606e+00 -1.741596073945744081e+02
-2.410250524337227489e+03 2.356006887126627043e+04 -6.870462305239583657e+03 3.807854768921468803e+03 2.158282864086170250e+01 -1.180311683285555318e+03
3.616475988032154731e+01 -8.782998331197084099e+02 -3.204739096713199160e+02 -1.027354683096014725e+02 -1.114792561313330932e+00 -8.875247497430642341e+00
4.597055277509056026e+01 -1.470891890756769953e+03 8.739091339750495990e+01 -1.742092634598948280e+02 -8.899406294084158953e-01 6.145307759482365384e+01
-1.405184029443055579e+03 -2.669303291079190240e+04 -4.790044405252156139e+03 -2.916846940925536273e+03 -1.544056609346341702e+01 9.876380657243815904e+02
1.304828932733932447e+02 -7.276763073225403787e+03 2.235656248459067967e+02 -9.046648124607792170e+02 -5.696947139342041666e+00 2.368798203988882562e+02
-5.178398612503323193e+02 -2.324718921472198781e+04 -5.744465534136984388e+03 -2.867838862650944975e+03 -2.307427123390701951e+01 3.674505769888493774e+02
-1.765940237841913586e+03 3.094583464142490266e+04 3.477928065139220962e+03 3.677303588549781125e+03 5.655923761447591147e+01 1.591410832018655128e+03
-1.247693061310330449e+03 1.062536851948882941e+04 -3.426501738582112466e+03 1.879696990080132537e+03 1.026705134972969624e+01 -6.122413329770405426e+02
-1.247693061310330449e+03 1.062536851948882941e+04 -3.426501738582112466e+03 1.879696990080132537e+03 1.026705134972969624e+01 -6.122413329770405426e+02
8.692292394733448191e+01 -1.371375418361052289e+04 -3.445985382608074815e+03 -1.748783680213771049e+03 -1.669110472733046890e+01 2.366827143033924941e+01
-1.838602665873763954e+03 1.578424254141729580e+04 -5.074691846691782303e+03 2.785145262718942831e+03 1.527910027058931774e+01 -9.020782193161423947e+02
-1.614516527456383528e+03 1.990506148918212784e+04 -5.522860960727195561e+03 3.099467004154597817e+03 1.990643742053013909e+01 -7.818897931398934134e+02
-5.205189776992699080e+03 -3.598743518954743922e+04 1.160490165421046368e+04 -6.453406392093856084e+03 -1.044075568251338808e+02 -3.186645843014122875e+03
1.206357324935757731e+02 -1.714964703999287303e+04 -1.763108239270237050e+02 -2.111289542990117297e+03 -1.345374767746918465e+01 5.407187198618394177e+02
9.136737507310436968e+02 1.185699931913878390e+04 -3.413435865605785239e+03 1.979318715752568096e+03 2.718780064176778666e+01 6.076412875614693121e+02
-4.920521894197912843e+03 -3.384683808829024929e+04 1.104079754817101457e+04 -6.088792425618172274e+03 -9.823576728710449402e+01 -2.985739379017182728e+03
3.624649645630486248e+02 -8.858137425637109118e+03 7.527097786165761590e+02 -1.051571593763665987e+03 -5.310237767308855439e+00 3.756625079706643646e+02
-3.079369843446753293e+03 -2.184726053359904836e+04 6.947074592523808860e+03 -3.883329016427310307e+03 -6.256449030474753670e+01 -1.897477065679875977e+03
4.227690457528240842e+01 -1.190054159062390681e+04 -2.295118143560414410e+03 -1.530401246980008636e+03 -1.423817991729326060e+01 4.889928389627635852e+01
-3.768306940063982893e+02 -1.340678877384366024e+04 -3.212581055950467544e+03 -1.646494049779131501e+03 -1.264994597889416106e+01 2.566562512977829442e+02
1.053879436803799194e+02 -3.922261120078727345e+03 -8.089054902048924305e+02 -5.094748724010424894e+02 -5.507809551295830275e+00 -4.244156809770991146e+01
-8.806194747679980992e+02 -2.187253256670158589e+04 -5.137686498494637817e+03 -2.587550385883350373e+03 -1.807312063200330954e+01 5.415251560109840057e+02
-2.092152072298936673e+03 2.143042811077180886e+04 -6.181327463483230531e+03 3.405248943073320788e+03 1.984209731459524662e+01 -1.014128768361781340e+03
8.838541007936064489e+02 1.024218974803595847e+04 -3.256881625638066453e+03 1.854890014461011788e+03 2.549163400239805100e+01 5.704347475379735215e+02
-3.254485871572392170e+02 -2.185209943567456867e+04 -3.950276239627654832e+03 -2.728582740409983217e+03 -2.172060028549715582e+01 3.674435203543332022e+02
-1.437892812306623455e+03 1.158517779963379689e+04 -3.965481737899513064e+03 2.116050997202220969e+03 1.155233555730424122e+01 -6.896607119930182535e+02
-1.342469707608251156e+03 -3.026571836573679684e+04 -6.585486578891512181e+03 -3.526170392686513424e+03 -2.303663400665352512e+01 8.597334948293349726e+02
-1.897235717305197511e+02 8.858158354517297994e+03 1.214647285085012072e+03 1.125117328194877700e+03 1.219537793042309737e+01 9.617497084996769274e+01
5.484604831739412134e+01 8.687981747281801290e+03 -3.028676527427612655e+03 1.709754502209572365e+03 1.764754152023198941e+01 7.848547762204184153e+01
3.065131445605204021e+02 3.038974283574977107e+03 -7.214890792165406310e+02 4.647482098092429510e+02 7.435409814676968487e+00 2.230963940796937663e+02
1.182508669022464574e+02 -4.411810263041916187e+03 -8.819818166691094348e+02 -5.719591564539698538e+02 -6.200668518104911264e+00 -4.897405940164893678e+01
1.969829644595150171e+02 1.482188062856068245e+04 -6.296630229733161286e+03 3.459659629362406122e+03 3.608089375214423455e+01 1.872144030895368303e+02
8.345827015204551458e+01 1.261330625970551409e+04 -4.497660766307445556e+03 2.492372738851616759e+03 2.571969809536565776e+01 1.139692129639612688e+02
6.335924494178334498e+01 9.733666826465898339e+03 -3.427806059051461943e+03 1.919129845866607866e+03 1.981100396161391330e+01 8.827698101430162581e+01
-9.378710596279589709e+02 1.017788736205339774e+04 -2.813860875361817762e+03 1.591595338759645074e+03 9.405910077026804927e+00 -4.639181389155478996e+02
-1.175456952414403986e+03 1.021910216223299358e+04 -3.326621707524971953e+03 1.812416334894300917e+03 1.013681855378264451e+01 -5.721837691239740025e+02
-1.591040644764102581e+03 1.928613476852564781e+04 4.340804362054284866e+03 2.351676238244033811e+03 3.300467361065539507e+01 7.756504300921211552e+02
1.238616412932559797e+03 3.640808121982237935e+04 -3.451083980940281890e+03 4.565021073245377920e+03 7.276003843419968575e+01 2.170366751009177278e+03
-1.646813889012664276e+03 -1.265850778211671241e+04 3.833350325631646683e+03 -2.194594674750363083e+03 -3.498624910161053236e+01 -1.043957603214601477e+03
-1.626815364426170731e+02 -1.869995027031445034e+03 3.930351955029324813e+02 -2.977723210286853259e+02 -4.740699173514113518e+00 -1.411601445148361336e+02
-6.823957700563660467e+01 -1.482951364304194431e+04 -3.693685473836862002e+03 -1.872873144097170098e+03 -1.680482169618189658e+01 1.072205973838995732e+02
-1.256619005401769982e+03 2.614343949407157197e+04 3.089672932038452018e+03 3.288439348567644629e+03 4.620206740112169541e+01 1.088473080336060775e+03
-8.297080422785569453e+02 9.698315504163241712e+03 -2.766695367107461607e+03 1.556157881051339473e+03 9.827697824536524962e+00 -4.053194675300126733e+02
2.764095956366277562e+01 -4.600033398805754587e+03 -1.221027049422337427e+02 -5.728297802374274852e+02 -4.533016262860542156e+00 7.919970262385237447e+01
2.764095956366277562e+01 -4.600033398805754587e+03 -1.221027049422337427e+02 -5.728297802374274852e+02 -4.533016262860542156e+00 7.919970262385237447e+01
-1.353769395012947598e+03 2.535607433467060764e+04 2.412679308260482230e+03 2.948746156855646404e+03 4.689592724093820664e+01 1.394061530903146604e+03
-1.335940627454583591e+03 -2.938001640875684461e+04 -7.575861890386132472e+03 -3.456459677826525876e+03 -2.408732628382262675e+01 7.275632551569626685e+02
7.922932831231244677e+01 -1.469566631245017561e+04 -3.447523202123273677e+03 -1.878419715168274706e+03 -1.780630487305979770e+01 3.475978164700764950e+01
8.241903864351375830e+01 -1.304711776452378035e+04 -4.748801741527009654e+03 -1.513357209370044075e+03 -1.452507994578445327e+01 1.428927210667149517e+01
-8.083309616582915851e+02 8.641216838126725634e+03 -2.627692982018159910e+03 1.456163210033895211e+03 9.016192551938662092e+00 -3.930396452412510939e+02
6.773739330028710981e+01 -1.354367427724283880e+04 -3.399349659180697927e+03 -1.726058488347317052e+03 -1.635419620643646610e+01 3.253795663525482951e+01
6.773739330028710981e+01 -1.354367427724283880e+04 -3.399349659180697927e+03 -1.726058488347317052e+03 -1.635419620643646610e+01 3.253795663525482951e+01
1.283313201224478917e+02 -1.139669979056785223e+03 3.729232140513847185e+02 -2.009317689888398775e+02 -1.146564738819709550e+00 6.169440762878316775e+01
-3.598332202828989352e+02 -3.087031455841284242e+03 9.224499075515803952e+02 -5.170152035556476449e+02 -7.961679251173164218e+00 -2.244852178324466934e+02
1.267056566901911054e+02 1.182886050923063067e+03 -3.074163850579851669e+02 1.857013049795957045e+02 2.929103210402200563e+00 8.593990972420975538e+01
-9.540578158076027648e+02 -7.961737773310868761e+03 2.437345316070319313e+03 -1.355320732957961354e+03 -2.088172996450417429e+01 -5.892927998091216750e+02
-1.460258218525661732e+03 1.399172998740682306e+04 -4.336431665925000743e+03 2.402315626131851332e+03 1.397959303753658666e+01 -7.168562435645968662e+02
-4.161578755955949873e+02 -1.864122245822322293e+04 -2.719974685404371030e+03 -2.254723987952121206e+03 -1.555338505371567415e+01 4.867873711913356374e+02
-3.900770116220116961e+02 -2.072921214626150322e+04 -4.148145552847558974e+03 -2.567032408649858098e+03 -2.022261538509924961e+01 3.618986837442593583e+02
4.863635869512517473e+01 -6.760010614506340971e+03 -8.622209184235765633e+02 -8.486660073043077546e+02 -8.029954727440761886e+00 1.684347962224607897e+01
-1.339598621847254662e+03 1.474274234537836128e+04 -4.149700640979785021e+03 2.350458899339472282e+03 1.418095934280797010e+01 -6.629072587328818145e+02
-2.041747182892179126e+03 -1.582418905331932183e+04 4.916364709513079106e+03 -2.751107943556963619e+03 -4.327973785511797900e+01 -1.264453596760405844e+03
7.212678101206259953e+02 3.541056054835447139e+04 -2.379068296461819955e+03 4.445515494448359277e+03 7.001429273194774794e+01 2.049238299523310161e+03
-9.835012023197301687e+02 -8.325794396263599992e+03 2.388143643652342234e+03 -1.378634171218178381e+03 -2.167170170061333678e+01 -6.323712422906600068e+02
-1.464054523651503132e+03 1.299122299461356670e+04 -4.316508873224411218e+03 2.318245996607603047e+03 1.335871551959026071e+01 -7.018376819335956043e+02
-1.464054523651503132e+03 1.299122299461356670e+04 -4.316508873224411218e+03 2.318245996607603047e+03 1.335871551959026071e+01 -7.018376819335956043e+02
-4.610573382159012112e+02 -2.159941766696651393e+04 -4.292470616340995548e+03 -2.660524015948180022e+03 -2.049300929265434235e+01 4.107232960896589020e+02
-1.351680064005761551e+03 -1.058537035438376188e+04 3.273534313937166644e+03 -1.839495216286156165e+03 -2.888125535644114450e+01 -8.410859832575831661e+02
-4.116963141207380090e+02 -2.142488087479259775e+04 -4.276187421304513009e+03 -2.651017068173264306e+03 -2.080399549314221019e+01 3.798744641266110307e+02
1.123906795969353567e+01 9.219552221094196511e+02 -3.939459304048792774e+02 2.152944578715765260e+02 2.237145231919895227e+00 1.102579943471783430e+01
-1.229883630332321218e+03 1.317399288309833537e+04 -3.813010656186419965e+03 2.138320591790964954e+03 1.288281800122594412e+01 -6.044730401208538524e+02
-1.191486104749266588e+03 3.240415621167963036e+04 2.037712385971216918e+03 3.908235382235909128e+03 6.059151556796233962e+01 1.728086870919380317e+03
-1.619080809681353799e+02 4.314750919366723792e+03 7.988523970588124712e+02 5.611962084647585698e+02 6.565639015701060011e+00 8.488480564854039301e+01
1.122671425936167680e+02 -3.274775482376179298e+03 -8.252763980114577862e+02 -4.210869814813012795e+02 -4.631881055553790816e+00 -4.116641655621712914e+01
-5.530458105015601404e+02 -2.253383819166915055e+04 -5.285175353110854303e+03 -2.757786150708236164e+03 -2.160286829566393152e+01 3.981564327930329910e+02
4.474483724416870700e+01 4.111775818363480539e+03 -1.628197006762496585e+03 8.806751829143286159e+02 9.159863546606056062e+00 4.576576345408651036e+01
1.212121359027533600e+02 1.013260262468282917e+03 -2.999496132040558223e+02 1.706171267553043549e+02 2.661275173381508541e+00 7.667251554001195757e+01
1.619464178275875383e+02 -4.760480419450726004e+03 -1.117384945153017725e+03 -6.122947654429336808e+02 -6.784187508105397946e+00 -6.361060809365060464e+01
-7.953863955947897466e+02 -2.730787045610741552e+04 -7.103193964021785177e+03 -3.321980990543292592e+03 -2.588400473101749100e+01 4.901983282202336341e+02
1.324192363892077253e+02 -6.502432646597755593e+03 1.858590333437462618e+02 -7.485200018632357342e+02 -3.731278396224646077e+00 2.711175683254548971e+02
-1.468133043205177728e+03 1.442861998560921529e+04 -4.569961361512671829e+03 2.514199090868072290e+03 1.509689733234393749e+01 -7.145895392197240881e+02
4.328410297614037461e+01 -1.210242577677126792e+04 -3.039690836958075579e+03 -1.543546372022193964e+03 -1.451128989407851755e+01 3.778648109901872232e+01
-1.160542137277144093e+03 1.306483478593698237e+04 -3.775899079503638404e+03 2.099649082234963316e+03 1.305145130273097642e+01 -5.628290615667397105e+02
-1.160542137277144093e+03 1.306483478593698237e+04 -3.775899079503638404e+03 2.099649082234963316e+03 1.305145130273097642e+01 -5.628290615667397105e+02
3.927811555872338545e+01 -1.416638639667476673e+04 -2.683484221139453894e+03 -1.815743005310071794e+03 -1.678216480564141477e+01 6.648251799420471286e+01
1.357473625027784863e+02 -2.958818980957657004e+03 2.394333720321997419e+02 -3.288557908386592885e+02 -1.337415132219804681e+00 1.421988814648128141e+02
4.384646292900103504e+01 -9.556997975491409534e+02 7.733710757466812424e+01 -1.062205866799836684e+02 -4.319857639927901505e-01 4.593031017139409045e+01
2.134644665945127429e+02 -7.109014047525321075e+03 -1.832075091698033702e+03 -9.170321930187419639e+02 -9.861130936193022833e+00 -7.236430824418161478e+01
9.339846722794466416e+01 -4.682646405612858871e+03 -9.971354142194563792e+02 -6.092918951177290410e+02 -6.305116593582892115e+00 -2.920805991592737527e+01
1.166865742006952814e+03 -2.749756687395252447e+04 -7.987544137948571006e+03 -3.479445423605865471e+03 -3.897141824378777386e+01 -3.935460379032970764e+02
-1.283763668096741412e+03 1.797373688542584568e+04 -4.907504853200178331e+03 2.759865531450996059e+03 1.881552975567345953e+01 -6.128519924703598463e+02
-1.679899656880762677e+02 3.367702436038175074e+04 -4.176735586326250882e+02 4.282195281285235978e+03 6.351618048136490557e+01 1.673735619549111789e+03
1.590151364760755860e+04 -3.694251524180228330e+02 2.094467981038817015e+03 5.367255925443829057e+01 -1.980453264473368108e+03 -4.689719901425731337e+02
1.298857205874954161e+04 2.960984176603454330e+02 -6.709118738082805748e+02 4.274569202480629571e+01 -1.570479318958261956e+03 -3.745340124122601537e+02
-8.813654678099215971e+02 -8.816130517928820609e+01 -2.537188839687947564e+02 1.793710576107666155e+00 1.485491244467043828e+02 -4.849420727104129725e+01
1.500914519378308614e+04 -3.475835575906194777e+02 2.011737016006846034e+03 5.016692309955423212e+01 -1.874410351944047989e+03 -4.347779975387877585e+02
-5.418427390910883332e+03 -1.553947936811429287e+01 -7.298534463490842654e+02 -9.589699513943239495e+00 7.198923678254528795e+02 2.784304275203326284e+01
-5.418427390910883332e+03 -1.553947936811429287e+01 -7.298534463490842654e+02 -9.589699513943239495e+00 7.198923678254528795e+02 2.784304275203326284e+01
1.669888348192128615e+04 -4.106615518324495611e+02 2.265776438080110438e+03 5.683176976352684306e+01 -2.082742931410134133e+03 -4.987589241243136939e+02
1.248281970651124539e+04 -3.045709534339322317e+02 1.704414295547081792e+03 4.201931223828206896e+01 -1.551674659928036590e+03 -3.669647162539793044e+02
-1.903114727833131838e+04 2.316595147844073381e+03 7.588399440947612675e+03 3.983126389255467359e+01 3.015151918793155801e+03 -1.033527730003849001e+03
-1.903114727833131838e+04 2.316595147844073381e+03 7.588399440947612675e+03 3.983126389255467359e+01 3.015151918793155801e+03 -1.033527730003849001e+03
1.837088350053933391e+04 1.260236485679409270e+03 -4.265546386706210797e+03 5.877018280864172795e+01 -2.153000741456148262e+03 -5.158898019300428359e+02
2.046304384408097394e+04 9.993901993406226438e+02 2.001742316735478653e+03 -7.052062700598597189e+01 -3.899123737255690685e+03 1.609875310870455451e+03
1.646351390393143083e+04 -4.409333225122298927e+02 5.220190436117773970e+03 4.074572115806229533e+01 -2.294688932021194432e+03 -2.350868383217418227e+02
-1.425157308573826413e+04 4.389313150016198506e+02 5.660325321687022551e+03 -5.078447831643376098e+00 1.900916220240914754e+03 -2.175323193177935366e+02
-1.484725332032601500e+03 -1.472531894574699152e+02 -4.211179727360163270e+02 3.048279176099126353e+00 2.500026862478892156e+02 -8.203853345557858745e+01
2.690891840091831546e+04 -2.058141502148132986e+03 8.014711122133651770e+03 1.011608487109899954e+02 -3.395449435974759126e+03 -9.354576332088653317e+02
8.098160291930526000e+03 1.727709938370927318e+02 2.571983257718253753e+03 8.635689211879309823e+00 -1.192770810649645682e+03 5.815085574020057635e+01
6.528618838148780412e+01 6.597776141257730487e+00 1.900214928689789318e+01 -1.335509115393632984e-01 -1.105330803262518380e+01 3.609580800197933037e+00
1.418291366399768049e+04 3.044561154458237411e+02 -6.576722146183227551e+02 4.673916597385917271e+01 -1.716993435065323411e+03 -4.095560224931624020e+02
-3.734804479456280205e+03 -3.557276382407540609e+02 -1.066278987199063295e+03 6.838636871685536356e+00 6.168733059732315951e+02 -1.926090987801192682e+02
1.476456910412042816e+04 9.874108259067788822e+02 -3.466848589736138820e+03 4.619994348499327685e+01 -1.737099310738255326e+03 -3.987302530184348370e+02
1.098461565556315145e+04 4.770616808984502768e+02 9.835723560975474129e+02 -3.301955073800096585e+01 -2.008228131320021248e+03 7.816880235613582499e+02
-1.462297227849657611e+04 4.606325025433942528e+02 5.816053359795630968e+03 -4.985407456096703882e+00 1.948293796472499480e+03 -2.261114821814352354e+02
1.370940434137588090e+04 8.536838452979347949e+02 -3.282035424744254215e+03 4.097532233128657708e+01 -1.642541869048096487e+03 -3.380660638676669691e+02
-1.832681479874725846e+04 1.998831860864464034e+03 7.507703333610829759e+03 3.014731090702439076e+01 2.889238582227943425e+03 -8.750514526593880191e+02
-1.877379459455909455e+04 2.325523070453366472e+03 7.648966122527971493e+03 3.917638676857968250e+01 2.993685095327389718e+03 -1.020831118583717625e+03
-2.599405785187763831e+04 3.302442318959441764e+03 1.019034462365896070e+04 6.030313341587839915e+01 4.143125715231588401e+03 -1.500268176756439516e+03
-1.148659754327594237e+04 2.318952381286009086e+02 4.433073889863696422e+03 -6.722294440548127525e+00 1.535867298845327696e+03 -1.381016277786423530e+02
1.471343656975532031e+04 2.987958827918208158e+02 -6.143265762442382538e+02 4.856054008119936327e+01 -1.783217397808922215e+03 -4.256207315856608489e+02
-9.499599323493885095e+03 6.995810893633876049e+01 3.787712894403507562e+03 -8.491854158428822075e+00 1.251529585685568918e+03 -6.919989268192180987e+01
1.023278527119232785e+04 8.957951951782596325e+02 -2.167168442142424283e+03 3.605346663625078207e+01 -1.026075352486456040e+03 -3.615266509630290557e+02
1.005874108406904088e+04 5.163936536782453004e+02 1.227086684464447671e+03 -2.457993768513613730e+01 -1.758366526238705319e+03 6.221572228930228903e+02
1.093615692374378523e+04 -2.742765975962003608e+02 1.682841325182973378e+03 3.524742849144326584e+01 -1.385510608868619101e+03 -2.949995687138672906e+02
1.933476013986059479e+04 -5.993945801692661917e+02 2.960897347619032644e+03 6.751068086672493962e+01 -2.395489610319802523e+03 -6.044927248109628408e+02
-2.518196858008831498e+02 -2.476432466910091890e+01 -6.997266145933163273e+01 5.316132349740817498e-01 4.273517479150701348e+01 -1.417516856127573632e+01
1.924433551996160895e+04 1.695709032448966354e+03 -7.178464815622837705e+03 5.510530828133592962e+01 -2.267119716852502279e+03 -4.457554721359035739e+02
-1.036974103714451849e+04 1.572223562757477566e+02 3.958128784148433169e+03 -7.224759411110478702e+00 1.380744142550256811e+03 -1.071674728636800751e+02
9.362886260111343290e+03 1.703512569388168174e+02 -3.879218189583789353e+02 2.783803860856187384e+01 -1.167360005697112911e+03 -2.218146272310603138e+02
-1.364333215320148520e+04 1.075396389053799567e+03 3.740144567253341847e+03 2.733798584620686611e+01 2.144609064194161419e+03 -7.208466903190458197e+02
2.264542232861395314e+04 1.179005530979978175e+03 -3.297445501027675618e+03 7.946045197013708616e+01 -2.661660015225662846e+03 -7.356173004381961391e+02
-5.078388614052424600e+03 -1.781076051194530052e+01 -2.685789503324667749e+02 -1.162265094052901837e+01 6.467310726753285053e+02 6.825419478348278801e+01
1.470601561055669845e+04 9.448536599596533279e+02 -3.558036703934705656e+03 4.443254129416436626e+01 -1.752638101335932333e+03 -3.709444073540666977e+02
3.859780569187581932e+03 7.832291284281572530e+01 -1.112510948266981075e+02 1.400394549845074188e+01 -4.001899456780061541e+02 -1.401740794999630282e+02
-1.044874118756141070e+04 1.797137628654063235e+02 3.936811181950142782e+03 -6.651447450599372146e+00 1.386536922165616488e+03 -1.162956629834276612e+02
1.470601561055669845e+04 9.448536599596533279e+02 -3.558036703934705656e+03 4.443254129416436626e+01 -1.752638101335932333e+03 -3.709444073540666977e+02
1.339420992395824578e+04 2.431133200681068445e+02 -5.280256463997847050e+02 4.096763515986663151e+01 -1.673076236905423457e+03 -3.332884829905052584e+02
4.771081412485058536e+03 1.928951418422562654e+02 -1.757024282131036671e+03 9.398255811733603693e+00 -6.047571961715391353e+02 -4.268852528730215568e+01
7.175558143147398368e+03 1.267173198030296106e+02 -2.801992962755406325e+02 2.124631130118780575e+01 -8.942663727507917883e+02 -1.687834468195850945e+02
1.138635189003284177e+04 -2.234721724327041414e+01 5.823697386666658531e+02 3.640518692522153543e+01 -1.419894919025608033e+03 -3.063897169458501821e+02
-4.659162732558663265e+03 -7.019070402069088743e+01 1.804917673089044285e+02 -1.114314416343257363e+01 5.791081980806369529e+02 7.169598511096283744e+01
-4.659162732558663265e+03 -7.019070402069088743e+01 1.804917673089044285e+02 -1.114314416343257363e+01 5.791081980806369529e+02 7.169598511096283744e+01
-1.953249488759356836e+03 -1.866578880305530106e+02 -5.444918362682848283e+02 3.833796763436960298e+00 3.284865210687138415e+02 -1.053282513062406451e+02
2.214088208446892895e+04 -5.241216276296553360e+02 2.571258991733207495e+03 8.062426371436427530e+01 -2.716459531097188574e+03 -7.439740981072629893e+02
-1.516983644178949362e+03 -1.477358192344532597e+02 -4.206004984657262753e+02 3.121947158042074122e+00 2.548950469324990706e+02 -8.384547220495424824e+01
-9.891909073977174558e+03 7.182241413938355379e+01 3.974241006219633164e+03 -8.907147850996114613e+00 1.304941944186341289e+03 -7.139288338430432646e+01
8.122269504991621034e+03 4.485372069456229269e+02 1.041208998173103510e+03 -2.176178090058714432e+01 -1.455950558394249356e+03 5.354161049077672487e+02
8.459100602278695078e+03 1.496509897174007904e+02 -3.202804190055452978e+02 2.555007229999700513e+01 -1.053467191935159690e+03 -2.063274929474235933e+02
9.042777973677584669e+03 1.603503169036011116e+02 -3.421603976840036125e+02 2.740361550794961687e+01 -1.125963695949656085e+03 -2.218959776434081448e+02
5.861886337290187839e+03 1.005544337945746207e+02 -2.193965722057087078e+02 1.706881081953756052e+01 -7.284999885435507849e+02 -1.340582324418795679e+02
-8.499460893274566843e+03 1.171757531390322384e+02 3.417832538677569119e+03 -6.404771903554188128e+00 1.123490844439578950e+03 -7.963666930185040371e+01
2.057649034854807906e+04 2.154844239533631026e+03 -6.887751422538864063e+03 6.815612334446653620e+01 -2.319400898959095230e+03 -6.254024267717534258e+02
1.465039152197873227e+04 -2.843111839709333708e+02 1.716457397319329857e+03 4.921772359768858962e+01 -1.823178840270243882e+03 -4.289614294275948509e+02
1.536439336509758687e+04 1.268892850689402621e+03 -5.348402781525850514e+03 4.398073939734989324e+01 -1.813809628211259223e+03 -3.550988013867277004e+02
-2.155968469698978515e+04 1.245231596174839069e+03 1.038371003459194253e+04 -6.272176990553324227e-02 2.828580993739603855e+03 -4.314358036545543200e+02
1.388096145797440113e+04 1.139100126205974220e+03 -4.800313687917547213e+03 3.970012868705165232e+01 -1.637904163070332970e+03 -3.204408394694118556e+02
-1.517460325273359376e+04 1.174699064328237910e+03 4.201714011378636314e+03 2.894960540627003098e+01 2.379489230949112425e+03 -7.799182542737512449e+02
-1.158776037117392661e+04 2.413951045837241338e+02 4.685055295596760516e+03 -6.939982081792581248e+00 1.538292717277550082e+03 -1.353425421398437720e+02
9.524960477505410381e+03 1.599926591412351229e+02 -3.289540964327619577e+02 2.835053142868268949e+01 -1.188313747358220780e+03 -2.259802881928713703e+02
5.733982600758336957e+03 -4.103489191122247348e+02 -1.153371440432940972e+03 -1.921577178260412921e+01 -1.042514920345450946e+03 4.356188612699761507e+02
-2.271114592372288098e+04 2.658628368192817106e+03 8.562942250506252094e+03 4.892662277459569964e+01 3.578382263382204201e+03 -1.250383699557529553e+03
-1.059268490289876536e+04 4.584935533789734308e+01 4.267124101163118212e+03 -1.012081124642868346e+01 1.379016411948215818e+03 -6.526544781222170855e+01
1.787461604962684578e+04 -6.025781415782216754e+02 3.067052109496597495e+03 6.122748309078374973e+01 -2.242928504400817928e+03 -5.374744976513089796e+02
-8.119215650239862043e+03 1.397427706478964922e+02 3.296050100851277875e+03 -5.546085796899959952e+00 1.076321849055476378e+03 -8.477282098831807389e+01
1.050948076645647416e+04 -1.405221424593118797e+02 1.198931580079870173e+03 3.208230938674746824e+01 -1.347508167827397529e+03 -2.553016327718630407e+02
-1.234298198248053632e+04 3.060343701640708787e+02 6.118540099563307194e+03 -7.853727901721009985e+00 1.594366421552073007e+03 -1.307758206873315316e+02
2.108098522358830451e+04 2.044897697352796968e+03 -6.973923790350594572e+03 6.732146779589835717e+01 -2.403630657127891482e+03 -6.005279878489076282e+02
-1.704529244474298321e+04 1.956215838222000457e+03 6.340951472713677504e+03 3.618861679955573152e+01 2.668953183567495671e+03 -9.282404883776409861e+02
1.461634314587514018e+04 7.178601809213065508e+02 -2.274347787259765937e+03 4.730764983460188944e+01 -1.735349705508375791e+03 -4.149237079569547859e+02
1.717270693771091828e+04 -6.011398176743025488e+02 3.069175793395758319e+03 5.842140096684306627e+01 -2.155807825229790524e+03 -5.104461427936960831e+02
1.205811006874604573e+04 -7.363235272847818180e+01 7.625825856316191675e+02 4.026464905049550680e+01 -1.483955052743450551e+03 -3.520877460518633484e+02
2.362328451591855264e+04 2.299444451601841138e+03 -7.794920680649841415e+03 7.593357936083958748e+01 -2.699842734876462600e+03 -6.790736535192502288e+02
1.508897902951063770e+03 4.123282518938663799e+01 -4.035306855473032783e+02 2.807887450437358989e+00 -1.960669849224076984e+02 -1.040229235436066801e+01
-4.240150794651641490e+02 -4.551676755671731200e+01 -1.292217268220835251e+02 9.139545198065349707e-01 7.288667109289444568e+01 -2.428081439537820430e+01
2.407295282918374141e+04 1.605688917790586402e+03 3.233738641337868103e+03 -9.624894844854213716e+01 -4.861469838678979613e+03 2.126874789843135659e+03
-1.502763670871459908e+04 2.131092955013407845e+03 5.721018955511728564e+03 4.698032461320293862e+01 2.610194768997509527e+03 -1.074417140525754576e+03
1.695728458113725719e+04 -5.836320647173810130e+02 3.094677521944489399e+03 5.672366779850130314e+01 -2.138898605342693827e+03 -4.886215143808621519e+02
-1.879726761929921486e+04 2.378683534419183616e+03 7.833507362628185547e+03 3.923646036917621416e+01 3.012958859553431466e+03 -1.024640745688227753e+03
7.891580399656976624e+03 9.454250131773524402e+01 -4.009626474087049246e+03 1.002433532724163889e+01 -9.953991532772259916e+02 8.018124996709532937e+00
1.713143539755226084e+04 1.228218022967000934e+03 -4.222356020316742615e+03 5.440498829880566234e+01 -2.003838260096815247e+03 -4.759281736381529413e+02
1.358644511784438873e+04 6.299991096756484694e+02 -2.190564253231490966e+03 4.179999666918119772e+01 -1.640617421678458641e+03 -3.502169548449347189e+02
1.448905930070758404e+04 2.034176908164393449e+00 6.940070998921008822e+02 4.385777560770915784e+01 -1.851942423071146322e+03 -3.475024422277528515e+02
1.626860673887327175e+04 4.304126232590004975e+02 -1.054710623022367372e+03 5.418474708352223956e+01 -1.964945115878980459e+03 -4.787063255794287784e+02
-2.025035339092127833e+04 1.026969367104215053e+03 8.849124788267225085e+03 -3.945268434561854942e-01 2.678654447929811340e+03 -4.037495915354490421e+02
-1.004205550486533139e+04 1.485889067672241026e+03 3.847543695807183212e+03 3.411429790050336663e+01 1.800523674302181917e+03 -7.656809271839892972e+02
2.685392256374136196e+04 1.925105447106465363e+03 -9.187229545280686580e+03 7.251188854700697561e+01 -3.251594080009508161e+03 -5.455452963718613546e+02
-9.447011373663139238e+03 -8.692156173814095155e+02 -2.591133385197158987e+03 1.709531003439063213e+01 1.537775543721070335e+03 -4.808306109523740020e+02
-5.949949526220092366e+01 -6.533040383841142607e+00 -1.817640469670192260e+01 1.338946091714447451e-01 1.026213905364211598e+01 -3.493597050982836461e+00
1.139738966277704094e+04 7.069892007123947053e+00 5.441621589446219787e+02 3.348774119102182567e+01 -1.453920808858027840e+03 -2.592434537429683701e+02
7.056545569012469059e+03 1.622471786929142752e+02 -4.802241829488033318e+02 2.031079828619593997e+01 -8.746505187599021838e+02 -1.583313275645936073e+02
1.480610043687118014e+04 7.458308287461804866e+02 -2.374654478511141861e+03 4.793953960744291010e+01 -1.757118176721680811e+03 -4.206814702012229077e+02
-9.447011373663139238e+03 -8.692156173814095155e+02 -2.591133385197158987e+03 1.709531003439063213e+01 1.537775543721070335e+03 -4.808306109523740020e+02
-1.390435201874366976e+04 1.888656052452112363e+03 5.255132854898057303e+03 4.082265337379391212e+01 2.388234929045456738e+03 -9.519595982990172160e+02
7.377380393883142460e+03 2.417937628938801709e+02 2.523232532629370326e+03 5.650816975676721476e+00 -1.108763035236804853e+03 8.822555875303859807e+01
-7.573583002401102931e+03 -1.529494297258503366e+01 -5.033405607287965040e+02 -1.719145655600482669e+01 9.632496994815198832e+02 9.994098930341706932e+01
2.288719701443618396e+04 8.633629092011912007e+02 -2.205035422611394097e+03 8.091704372461641981e+01 -2.712413750860961954e+03 -7.488019220599496748e+02
-1.357164603367746167e+04 1.518054067347998171e+03 4.988214409190951301e+03 2.834451821948669448e+01 2.132909667872817863e+03 -7.335298942230417651e+02
5.157291294883387309e+03 7.072411240561508805e+01 -1.032523151394670293e+02 1.504236276615570489e+01 -6.425143362363610322e+02 -1.180655716124188217e+02
1.936172991214220383e+04 -6.356034574267087578e+01 8.955645771520469225e+02 6.872322203555296483e+01 -2.347089043231407686e+03 -6.293238585632595914e+02
9.333315827869775603e+03 1.293335524716779901e+02 -1.824749866213149119e+02 2.827461753931641653e+01 -1.166136311576246044e+03 -2.282785715221694147e+02
-3.640402462564391044e+03 -2.096038194545968167e+02 -1.071090853188444953e+03 8.259348850278088738e-01 5.396389713734570250e+02 -9.435658280609658277e+01
8.591427616375716752e+03 1.184741522935247957e+02 -1.642501046313078064e+02 2.609396112486723851e+01 -1.072494558140318532e+03 -2.112389885483984244e+02
8.683176151017922166e+03 4.410027411126480956e+02 4.121946356951628331e+03 5.005138207586742993e+00 -1.329228023347650378e+03 1.312060105509382879e+02
9.321840788582499954e+03 4.761910510345307657e+00 4.332032498097808570e+02 2.792111918605893806e+01 -1.185220627264211316e+03 -2.202791909174626426e+02
-3.813401442993775709e+04 2.803197265870302090e+03 1.325101380887596861e+04 3.468911472631867099e+01 5.018685304363249088e+03 -1.265828812717032633e+03
-3.813401442993775709e+04 2.803197265870302090e+03 1.325101380887596861e+04 3.468911472631867099e+01 5.018685304363249088e+03 -1.265828812717032633e+03
-6.148763035110029705e+03 -3.484968777340553743e+02 -1.809486107831124855e+03 1.197461228235664477e+00 9.104770668871476573e+02 -1.563793558838437434e+02
3.672970659444379635e+03 3.943974563356070462e+02 1.143691110756006310e+03 -7.614894177136990905e+00 -6.308894202866124488e+02 2.059120350778050010e+02
7.229218942439654711e+03 2.389290273718416699e+02 2.494431146789682771e+03 5.512024054399449646e+00 -1.084613238852866061e+03 8.652984986025191461e+01
-2.775916178314228546e+03 -3.719335942844079312e+01 1.303183750880408070e+03 -3.641753653316780692e+00 3.533910191701752979e+02 -1.655172374101735455e+00
1.402522269811328988e+04 -2.337774618961797728e+02 1.475965292583767223e+03 4.720997350978385754e+01 -1.739039351722007268e+03 -4.129554206243853400e+02
4.903893388581066574e+03 -3.840597196445244208e+02 -1.064837917761210292e+03 -1.672759463264346991e+01 -9.030068702123696767e+02 3.785218628907338143e+02
1.318904490358510884e+04 1.781891351095478910e+02 -1.957622542908343917e+02 4.368577519106175089e+01 -1.605368652478390231e+03 -3.827173475733392252e+02
1.318904490358510884e+04 1.781891351095478910e+02 -1.957622542908343917e+02 4.368577519106175089e+01 -1.605368652478390231e+03 -3.827173475733392252e+02
8.127192467516501893e+03 -7.710622866384793994e+00 3.774153288702112832e+02 2.600037512341138779e+01 -1.010227049988433350e+03 -2.194108033500855868e+02
-5.279809897320966229e+03 -4.805814801917877048e+02 -1.437749208325754125e+03 9.477019991051346182e+00 8.603633673734875629e+02 -2.677589264297562863e+02
-1.617511869734407628e+04 8.495129568330577285e+02 8.023998650554451160e+03 -2.204996689338715843e+00 2.117097144609243514e+03 -2.918877365325826077e+02
-8.553302086763966145e+03 1.949509939694288221e+02 2.337648285144158763e+03 -1.623334257789903257e+00 1.090358794624185293e+03 -1.433176250970058163e+02
1.231903282351393682e+04 1.071183532975940125e+03 -4.721927307194608147e+03 3.441621546442645041e+01 -1.451672265805774259e+03 -2.729362615494626425e+02
6.887478820218733745e+03 8.836494138419783440e+01 -1.038146433025046775e+02 2.050504492667261758e+01 -8.604454159105529243e+02 -1.632953002300978369e+02
7.012525273810191720e+03 4.794510609247435013e+02 1.218856669068704377e+03 -1.687345138459196292e+01 -1.229200905759919124e+03 4.304764063094028756e+02
-1.369722733167888146e+04 1.474189840768980048e+03 4.944554891387991120e+03 2.763495656010164581e+01 2.143864210706844460e+03 -7.250025358509989246e+02
1.238698194895876077e+04 1.527411811573897467e+02 -1.261251366753694043e+02 4.096392490261349195e+01 -1.506996257745917092e+03 -3.586198169253573838e+02
9.149768973934016685e+03 -3.933993139425173524e+01 1.945214124584154206e+03 1.841373186252053173e+01 -1.282598221777844174e+03 -6.870306084506766808e+01
1.755107986354167952e+04 8.039554965145824781e+02 -2.184006089938976857e+03 6.144564588546226247e+01 -2.062296111900762753e+03 -5.682200880141124344e+02
-6.213310404586312643e+02 3.344529903359161338e+00 2.754382084955837229e+01 1.475095317462034261e+00 1.049947276174439565e+02 -3.725620078505728827e+01
2.909956412427295618e+03 1.862429280109810463e+02 5.390223214249054990e+02 -5.137685355144669508e+00 -4.836136067632799609e+02 1.477854622102377107e+02
1.437309080648169038e+04 1.198098893094577988e+03 -5.566880222791240158e+03 3.929343301043192582e+01 -1.714167803603477978e+03 -3.029369771220423218e+02
1.708517650414635864e+04 -6.030817898617127639e+02 3.558832801152998854e+03 5.454432542501329095e+01 -2.204486635698668579e+03 -4.472631707735987447e+02
-2.744575488925970149e+03 -2.514232909862915903e+02 -7.439328962156179159e+02 5.095771959267965556e+00 4.524514253886986239e+02 -1.424198361877581931e+02
1.075684685410717248e+04 9.842719842887829529e+00 4.870484546463411561e+02 3.185528783981836654e+01 -1.366945959626260901e+03 -2.490666423374300678e+02
1.028486364915535205e+03 1.159900622062233140e+02 3.205005229237232811e+02 -2.366174934173272959e+00 -1.783778792602513761e+02 6.128401374334590201e+01
-1.958945321709716154e+04 2.069876477352418533e+03 7.015063280939665674e+03 3.882126260577002341e+01 3.059230545225743299e+03 -1.025743693571775793e+03
1.075684685406544486e+04 9.842719801452391337e+00 4.870484546463411561e+02 3.185528783981836654e+01 -1.366945959626260901e+03 -2.490666423374300678e+02
-1.553026148233410277e+04 2.373194087290039079e+03 5.766872428546034826e+03 5.891029629604483375e+01 2.834927993964778580e+03 -1.280289755163946211e+03
1.795454574739173040e+03 2.008007229590163547e+02 5.617955606024360122e+02 -4.046513419550179513e+00 -3.122134835843698397e+02 1.058993105080362085e+02
7.512769716768161743e+03 3.965375523823218487e+02 -2.529551448000545406e+03 1.742346521702343054e+01 -9.357425963169671377e+02 -1.074810464320972159e+02
7.252490030537597704e+03 1.754885996857222210e+02 -5.242322442629050556e+02 2.122658619503775768e+01 -8.999180195906039899e+02 -1.676360166890113135e+02
1.261387933475525278e+04 1.424538636994184628e+02 -7.949878499031819956e+01 4.101737870286248011e+01 -1.546822948836953628e+03 -3.533009942515203079e+02
1.861153823175284560e+04 -7.895153709419599863e+02 3.891588796717818695e+03 6.350476586512573363e+01 -2.348916329752209094e+03 -5.540162761383959378e+02
-1.057774587975722170e+04 1.951854980757757971e+02 4.372342819445278110e+03 -7.047704991477081293e+00 1.402036220965875145e+03 -1.129674819916267126e+02
1.345340950274057832e+04 -2.061237684254533349e+02 1.344825131358342105e+03 4.521140504587787490e+01 -1.666350463974577451e+03 -3.953312404854032707e+02
-1.926259460646669686e+04 2.000405754430473507e+03 6.814586768624349133e+03 3.783745369239760947e+01 3.001227648214375222e+03 -1.002733474880425319e+03
4.101690984378416033e+03 4.579531219264795254e+02 1.287307484058770115e+03 -9.131972232294822689e+00 -7.106770688241406333e+02 2.399190382751963853e+02
9.493860735130523608e+03 5.174830549839635978e+02 -2.527967463688476073e+03 2.504648159728211709e+01 -1.170167548833914452e+03 -1.812499297310831423e+02
-1.573154663655916193e+04 2.236433454410987906e+03 5.721270948735653292e+03 5.434701159865241493e+01 2.805367817216683761e+03 -1.210163028708929687e+03
1.901857938873058447e+04 7.945417215698161044e+02 -2.373395547748985337e+03 6.265900194428219550e+01 -2.277507333037431636e+03 -5.527709029761475676e+02
6.451280083770000601e+03 -4.294496658243787834e+01 -2.808571098746210168e+02 -1.906791389348502719e+01 -1.153166760143109514e+03 4.504057401856766205e+02
1.190244447906788446e+04 -1.349468338245495431e+02 1.175431302949506062e+03 3.723585011043843451e+01 -1.516100651169135062e+03 -3.036278966731421178e+02
5.951422683509755188e+03 1.695911006108205754e+02 -5.962370608754731620e+02 1.672665374157514506e+01 -7.364929242457408236e+02 -1.279171830752901684e+02
1.336083399997999186e+04 5.496410578166943424e+02 -1.659356904382650328e+03 4.346198862694559750e+01 -1.595374625020721169e+03 -3.810274086820406865e+02
1.374826579015696734e+04 -5.650230475997680060e+02 2.998220319689404278e+03 4.566252799320325551e+01 -1.762490181040791185e+03 -3.871226732292500969e+02
2.261637576342272951e+04 1.615001473089251022e+03 -4.751902095706068394e+03 7.885255966137498262e+01 -2.623709333846232312e+03 -7.326779500883664014e+02
-3.831869130283989307e+03 -3.475861784237329175e+02 -1.026905862414463172e+03 7.096900963554989339e+00 6.297321804439721973e+02 -1.982877166741461963e+02
9.105103260136665995e+03 5.354995057023556910e+02 -3.669743387439557409e+03 2.051048836774853612e+01 -1.126923987671273608e+03 -1.226433517921440597e+02
-2.219476616050518351e+04 2.205914397076840032e+03 7.631717405729084930e+03 4.207518331726254246e+01 3.407409562128234484e+03 -1.125744705967161735e+03
3.772157796049297758e+03 2.711864846548957644e+02 7.309147875885037138e+02 -8.107871667249794356e+00 -6.450571633396057223e+02 2.151652971258092464e+02
8.581550936324636496e+03 1.494562861024439115e+01 3.684759041274565448e+02 2.477341509573111722e+01 -1.090846129851014666e+03 -1.894478882480425170e+02
-1.504573331341910489e+04 3.246811607079535520e+02 5.077677894612552336e+03 -6.648946616025081191e+00 2.005577775511246728e+03 -2.109495982304143809e+02
1.254901947615504650e+04 -1.765630355633444424e+02 1.191553896595661399e+03 4.212850718463378996e+01 -1.552477899123388625e+03 -3.684118925517115031e+02
1.254901947615504650e+04 -1.765630355633444424e+02 1.191553896595661399e+03 4.212850718463378996e+01 -1.552477899123388625e+03 -3.684118925517115031e+02
1.748329852800892695e+04 7.829234250347190027e+02 -2.110744303091888924e+03 6.136549827209220354e+01 -2.057695056419141565e+03 -5.677710190911210475e+02
3.503727685135915181e+03 3.968031263224148120e+02 1.111514072291073262e+03 -7.898340619692073794e+00 -6.094267814604813793e+02 2.067068024362308449e+02
-1.801533045544438573e+04 6.434499067253453859e+02 7.817893364628433119e+03 -5.904667805589124185e+00 2.375661346849770325e+03 -2.782162928901325358e+02
4.564367116939692096e+03 6.738698664481401011e+02 1.810414433977960925e+03 -1.251400332860156261e+01 -8.655996401689858430e+02 3.122234587473268448e+02
-1.711345764482968661e+04 1.340484348626199335e+03 4.954223037534457035e+03 2.925963479269270096e+01 2.560030153652411627e+03 -8.119706724700711220e+02
-1.458785177844079044e+04 1.795714007199253047e+03 5.143081195970958106e+03 4.125745308410301959e+01 2.499516889480273221e+03 -9.752199423398240015e+02
-1.043916701199728777e+04 -2.039813444799030719e+02 2.019905952626501630e+03 -1.747082010701469201e+01 1.316455706836966556e+03 4.997137466752246837e+01
-1.343933268217363093e+02 1.271901236714156891e-02 3.876515205221006788e+00 3.201848717780698683e-01 2.277330321568613769e+01 -8.084265820534342950e+00
6.202857584683747518e+03 2.224548489334267742e+02 2.195512426554415015e+03 4.335100706311616925e+00 -9.327683423100063465e+02 8.024215034122435952e+01
-2.119580831869815302e+04 2.053446601836081754e+03 7.208379423183502695e+03 3.921314053231924390e+01 3.246641359566849133e+03 -1.060022927951616566e+03
1.691580074134788083e+04 -1.256660050528310393e+02 1.155405380510117311e+03 5.681105759544233536e+01 -2.089721652634059865e+03 -4.973944650055039460e+02
1.092307307282997681e+04 1.667202786429272237e+03 4.225906345021751804e+03 -3.428537694963547722e+01 -2.146198330713486484e+03 8.209756346157017788e+02
-6.043914951026658855e+03 -5.436590357344397262e+02 -1.617254441322165349e+03 1.088382095577740216e+01 9.801872577756237206e+02 -3.062998047899956191e+02
1.586191198396832306e+03 1.815778584111850193e+02 5.050988466422218721e+02 -3.627349364178432900e+00 -2.759903089174868001e+02 9.433621309474409600e+01
1.729276507260551807e+04 -3.707216376786848286e+02 4.017889842278234482e+03 4.522758967314246803e+01 -2.371237610600122935e+03 -2.878246812356064765e+02
2.095946007484148504e+04 1.564704921263526103e+02 1.656484228044360520e+02 7.558009174423729348e+01 -2.526734885593149556e+03 -7.004502510732662586e+02
-2.236997179853336638e+04 2.504584697424062597e+03 7.719142823115549618e+03 5.443263646912717491e+01 3.673032343924074667e+03 -1.344013240469628727e+03
-1.607976827567743021e+04 1.683875230143655017e+03 5.482165886365218284e+03 3.477695048649153620e+01 2.551110992794024696e+03 -8.899325504919280547e+02
2.406123704248239392e+03 1.051270717043954939e+01 3.565850320907956927e+01 8.778112781445871704e+00 -2.512724491130922218e+02 -8.780119334364586337e+01
-1.051936441018719779e+04 2.112581419221925216e+02 4.409473365293350980e+03 -6.712721357711853187e+00 1.392007350474536452e+03 -1.162508304489418265e+02
1.722626467220958511e+04 1.583285145152113728e+03 -6.729152538114311028e+03 4.911487227349392981e+01 -2.019249026300870355e+03 -3.975141212301915061e+02
-8.192346251704964743e+03 1.438899651528592116e+01 2.705181039091170987e+03 -7.979016069789262033e+00 1.086233348085145280e+03 -5.130833031848897718e+01
1.647298191280328319e+04 9.432339378940795314e+02 -3.051448963395789633e+03 5.354791299331152032e+01 -1.946920872212536324e+03 -4.723051865736979380e+02
1.609683302087566881e+04 -5.634640341924914537e+02 5.736554737047124945e+03 4.130954824371615786e+01 -2.236178006248172096e+03 -2.521364244329124347e+02
-1.044670053050858223e+04 1.257036768423363810e+03 3.619964089477994094e+03 2.929233635671593561e+01 1.785366510540743320e+03 -6.940365211567554979e+02
-1.044670053050858223e+04 1.257036768423363810e+03 3.619964089477994094e+03 2.929233635671593561e+01 1.785366510540743320e+03 -6.940365211567554979e+02
1.301448339092114838e+04 3.831554543589678588e+02 -1.014433816001478931e+03 4.263812751766517550e+01 -1.565921912671090695e+03 -3.736840867243320190e+02
-1.180126033202956751e+04 1.407885940714445951e+03 4.074707459323639341e+03 3.277531588873976887e+01 2.011666567564534944e+03 -7.787020971033068690e+02
-2.432329690973280958e+04 1.960359940928300830e+03 7.144476124163265013e+03 4.277288675488964032e+01 3.667690509500947883e+03 -1.175558852192825952e+03
1.681724700690001919e+04 2.513562023280892390e+03 6.217037401984809549e+03 -5.413238974348941213e+01 -3.265341661997658321e+03 1.277382514131166772e+03
-4.239544886375028000e+03 -5.619283971238559872e+01 1.377308583883320352e+03 -5.846714966316652884e+00 5.561308156546859891e+02 -9.413562711484311230e-01
1.207905060944592378e+03 9.146615096894275609e+01 2.617896761304395454e+02 -2.300097767287634820e+00 -2.012385952361641728e+02 6.382816178626507764e+01
1.315695473944015976e+04 1.964216346759013049e+03 4.813270708394654321e+03 -4.289403178111036397e+01 -2.549682461979206437e+03 1.006417435939300958e+03
-1.750639115662574841e+04 5.807594543877980868e+02 7.377726224868004465e+03 -6.224677239046270572e+00 2.315314067438815528e+03 -2.643915146266950273e+02
6.406412885037793785e+03 9.351852484120850022e+02 2.349779301426590337e+03 -1.988398137976509261e+01 -1.233419697498975893e+03 4.744050894166161356e+02
1.102240144758656243e+04 3.166084516343480573e+02 -1.075853098047112326e+03 3.182689014489742263e+01 -1.371038105128587631e+03 -2.480328865147166653e+02
-1.563656575783860717e+04 -9.856117409084423571e+02 3.311296603257951574e+03 -5.049673700878400950e+01 1.858603620421693904e+03 4.419358908343081112e+02
8.320479620564576180e+03 5.876346593310756106e+01 1.094856344859418869e+02 2.511196423039903536e+01 -1.046364368431579351e+03 -2.011142388240584467e+02
2.087776624219754376e+04 1.587884579363070770e+03 -5.466166266218090641e+03 6.644239550665254512e+01 -2.435246828647117582e+03 -5.830567284378372506e+02
-3.453989663608260162e+04 3.431009921923616730e+03 1.144133226727365945e+04 7.080924695186463680e+01 5.371843497033590211e+03 -1.839124417532334292e+03
7.766110679001646531e+03 6.324573579156839287e+02 1.655710255489158726e+03 -1.881541883608784005e+01 -1.377650525763206133e+03 4.810869648860944494e+02
8.340114915111844311e+03 3.899635785919108457e+02 -1.642300161131939603e+03 2.339805166064470043e+01 -1.027403194155094070e+03 -1.793706224761562282e+02
-1.709337489027897755e+04 2.158987978143003147e+03 5.836986314328242770e+03 5.352444921414543444e+01 2.970019095388011010e+03 -1.223502950722235937e+03
1.730512213511455775e+04 1.394977183079342240e+03 -5.125496580308256853e+03 5.344397360548039444e+01 -2.030702176805646104e+03 -4.580051522915766213e+02
-2.116360413614539766e+02 -1.616763984103037011e+00 -3.300592766722180826e+00 -5.117075493469812608e-01 2.661916929988282732e+01 3.288432601743204842e+00
6.358598479092100206e+03 1.536428452146067158e+01 -1.337672556498509095e+02 -1.623718439686429349e+01 -1.113121789636237736e+03 4.035862446972435578e+02
2.053906815276525231e+04 2.355118225069480104e+03 7.811771012648650867e+03 -3.378745858598784935e+01 -3.580539234459306954e+03 1.033050239889627846e+03
7.259767759377055881e+03 4.860769272416369091e+01 1.119229727849016029e+02 2.153084342724808309e+01 -9.137316745508339864e+02 -1.698991084960332500e+02
1.157996459359598521e+04 4.880027974082037190e+01 -1.511142109445621031e+02 -4.550281332160262338e+01 -2.284205445777719433e+03 1.003348032001402885e+03
-4.506455392100947677e+01 -1.004846529019675777e-01 9.503723315593823884e-01 1.193584952788300652e-01 7.880629737030261595e+00 -2.920600227354854361e+00
3.870217121419447722e+03 9.239734423082124337e+00 -8.091572642069262145e+01 -1.004765747694771783e+01 -6.772534636418308764e+02 2.479756223333878324e+02
-2.083776249286624807e+04 1.947374143869761383e+03 6.841677007148870871e+03 3.890650294255222263e+01 3.206531257828318758e+03 -1.049483570349482534e+03
-8.611077276471114601e+03 1.009526974126309369e+03 2.906630757385964444e+03 2.413628206735755199e+01 1.465993829691130031e+03 -5.710905424881893850e+02
1.889290061572725608e+04 -9.218627181050816262e+02 4.632563916021776095e+03 6.357322550908293124e+01 -2.417823391723311033e+03 -5.444683788400006961e+02
4.036972209134482455e+03 2.173612853957482685e+02 1.615503212390532326e+03 1.295849406771935497e+00 -6.127080513650943203e+02 7.501897875471628652e+01
-1.078796263613122477e+02 -1.468583350698428447e+01 -3.886952487380261090e+01 2.983559354397539165e-01 2.033018820800129944e+01 -7.397000351847831112e+00
3.131281318630148235e+04 3.207294371644274179e+03 1.192629468157502743e+04 -4.120587896374726711e+01 -5.750941778940386939e+03 1.471446061803604380e+03
1.458988421002233008e+04 5.808629806415848407e+02 -1.735959043969055074e+03 4.751614871453851663e+01 -1.744527966660409675e+03 -4.165185380217820352e+02
1.346925161574945923e+04 -3.011253995940514301e+02 3.456427812643188190e+03 3.415067959011304310e+01 -1.851757512260993735e+03 -2.079670522329601852e+02
-2.036927986824603795e+04 1.740332300185794793e+03 6.100539777164894076e+03 3.910320592996919231e+01 3.158916405547267459e+03 -1.045033927583177501e+03
-1.180844697014121448e+04 -1.814841336486494754e+02 2.446514075413283535e+03 -1.744214921549467689e+01 1.497950472960207662e+03 2.181838996166175804e+01
-1.180844697014121448e+04 -1.814841336486494754e+02 2.446514075413283535e+03 -1.744214921549467689e+01 1.497950472960207662e+03 2.181838996166175804e+01
1.397203914658818576e+04 -4.680600338217152512e+02 5.549618466550782614e+03 3.402846769877227473e+01 -1.964942033790291134e+03 -1.889101395067576163e+02
2.101245919014260653e+04 1.723873651411580113e+03 -5.458601088535461713e+03 6.991170069971944656e+01 -2.410021532047966502e+03 -6.367922099853183227e+02
1.287552254803599317e+04 3.784824622288059004e+02 -1.071803372467127701e+03 4.081277197067505114e+01 -1.564695739578526172e+03 -3.476274757079222013e+02
4.097949105328311816e+03 1.442459673099908741e+02 -2.850050251435551445e+02 1.476460606270517140e+01 -4.214817619795929886e+02 -1.478560958576957205e+02
-2.157424949782101612e+04 2.024524841939314683e+03 6.558472398113044619e+03 4.869189252455998229e+01 3.482216870039871537e+03 -1.232310359697065678e+03
1.358451575447566938e+04 4.169935809332482108e+02 -1.126692814930544273e+03 4.448351713689405784e+01 -1.633926393979202885e+03 -3.898219347083251591e+02
1.358451575447566938e+04 4.169935809332482108e+02 -1.126692814930544273e+03 4.448351713689405784e+01 -1.633926393979202885e+03 -3.898219347083251591e+02
-1.017763176476692024e+04 1.163162547480624880e+03 3.358799338061662183e+03 2.818271815443041461e+01 1.714359626386980608e+03 -6.672298699871038252e+02
3.595270034163175296e+03 4.307639280153891264e+02 1.173068549996855836e+03 -8.788464721937515378e+00 -6.398628056853740418e+02 2.241565788035780997e+02
8.329972210486706899e+03 9.765081623343993442e+02 2.998099113171490444e+03 -1.602052243631695561e+01 -1.452745663125128885e+03 4.523813774288573768e+02
9.551900676404795377e+03 1.166736344196662230e+03 3.105545835448780508e+03 -2.462580393473040274e+01 -1.719539347608467551e+03 6.168820809856913456e+02
-1.228970773359267332e+04 1.302145098508737874e+03 4.017804111770348300e+03 3.032798981350900291e+01 2.034946482710375449e+03 -7.470739423929492204e+02
1.137712305906057918e+04 6.095927081248304376e+02 -3.163766706196483938e+03 2.914946813971956274e+01 -1.409494810252128673e+03 -2.036603265926155757e+02
1.204324855358910463e+04 6.236081687904011233e+02 -2.425959071022363332e+03 3.541012194284733994e+01 -1.462936028963594026e+03 -2.855045183021578055e+02
-6.520801534436898692e+03 -1.368887451350335880e+02 5.722620672128671231e+02 -1.503682085671474944e+01 8.071065026276759227e+02 9.282862071764192535e+01
-2.195397065562980060e+04 2.013422864566125099e+03 7.004849258250297680e+03 4.236977300506001143e+01 3.419770228191831393e+03 -1.131869438455643603e+03
1.317058751379337991e+04 1.746331273402007355e+03 4.542051084561533571e+03 -3.688686249292420882e+01 -2.449879531543444045e+03 9.047949496716253179e+02
7.690593210522606569e+03 3.066680473580566400e+02 2.985934782624741729e+03 5.096838979550892823e+00 -1.163138529689149209e+03 1.045014526111624349e+02
3.386281344209873168e+03 4.225981548408276467e+02 1.185215786226330010e+03 -8.010774781404158773e+00 -6.100431848203988920e+02 2.084175379502226519e+02
-1.015341363529258160e+03 1.157572481154480499e+02 3.302559200506976254e+02 2.886041024218411355e+00 1.721567862157191087e+02 -6.780751482598128632e+01
-1.015341363529258160e+03 1.157572481154480499e+02 3.302559200506976254e+02 2.886041024218411355e+00 1.721567862157191087e+02 -6.780751482598128632e+01
1.246406424162331496e+04 6.781723392967667223e+02 -2.670923817763744410e+03 3.657486813744414178e+01 -1.512085960247877892e+03 -2.947382664648370678e+02
6.501301796611213831e+03 8.534306491707758369e+02 2.231520203846611821e+03 -1.800947353929497652e+01 -1.208314988702192295e+03 4.436172188966900762e+02
1.179196370116048274e+04 6.152947434539871665e+02 -2.401803608126374911e+03 3.463655262570182458e+01 -1.432373158001207003e+03 -2.790539502296305727e+02
1.683564339670433765e+04 5.292628053624006412e+01 -2.605106795556466182e+02 -6.662657744912799274e+01 -3.315295371906332093e+03 1.464652767122712021e+03
-1.807969288436814168e+04 1.704316042410590626e+03 5.749329931087876503e+03 3.716323136817679540e+01 2.852837286980967292e+03 -9.703589644031948183e+02
1.677554629744731938e+04 -2.728345943289234015e+02 6.202445481060672137e+03 3.526884957116496366e+01 -2.407400576745987109e+03 -1.391156497175222171e+02
9.329519003324765436e+03 -4.527114546781371729e+01 7.347190475389350013e+02 2.718493968729729460e+01 -1.201693071213346457e+03 -2.071770309467807749e+02
1.212075080729457841e+04 3.774210422013238286e+01 3.206630355364104048e+02 4.030446030098176635e+01 -1.483517126622394926e+03 -3.527270656796864614e+02
1.644953850503543072e+04 9.727672637580063792e+02 -3.315470684184598213e+03 5.202476748242565918e+01 -1.947403282649087714e+03 -4.503324453508035390e+02
9.742574593475719666e+03 3.653200098390904316e+01 -1.477756547609573659e+02 -3.221570574676428578e+01 -1.799707541222999453e+03 7.382591952703963898e+02
4.994712562111137231e+03 6.212181682496960775e+02 1.697517770459144685e+03 -1.241031980981215099e+01 -9.038270452270688793e+02 3.165756614187938567e+02
7.488554986174001897e+03 1.619946360396007634e+01 2.430549762884729716e+02 2.403239415924380395e+01 -9.250103228298853537e+02 -2.041412262863424587e+02
1.967955080847528734e+04 1.273527330345847531e+03 -3.973821379995015832e+03 6.543880253396321223e+01 -2.289017909026444613e+03 -5.909781032958507012e+02
-8.301444848622119025e+03 4.342972415330270053e+01 3.571290974618733799e+03 -7.927246187013063050e+00 1.078841248769366075e+03 -5.092279694761207764e+01
-1.652918575713478640e+04 1.694880644496957757e+03 5.181369337277412342e+03 4.179723409611632690e+01 2.748988307125456231e+03 -1.021111369889161551e+03
1.528801261214063561e+04 4.901902342326692974e+02 -1.348491335662157098e+03 5.015971655456624489e+01 -1.840379739437619946e+03 -4.398758314290664657e+02
-2.414637346470479679e+04 2.150422654100711043e+03 7.374418570487294346e+03 4.794286666463787583e+01 3.752170423158977428e+03 -1.262802597878310507e+03
-2.414637346470479679e+04 2.150422654100711043e+03 7.374418570487294346e+03 4.794286666463787583e+01 3.752170423158977428e+03 -1.262802597878310507e+03
6.406698744083189013e+03 1.876126708268293726e+02 -6.548625199673236921e+02 1.828544261284973160e+01 -7.954665133892260656e+02 -1.413147673510864024e+02
-1.555067546134800250e+04 6.435917845942477697e+02 7.705507383910673525e+03 -5.258344711718175191e+00 2.026170666573360677e+03 -2.340905036188180190e+02
-1.670778764680666427e+04 6.914808874816694697e+02 8.278867464058746918e+03 -5.649613552299170394e+00 2.176936257503828983e+03 -2.515089736839054240e+02
1.420468970366441681e+04 1.067831611569736623e+02 1.243531102356741371e+02 4.777653710260568687e+01 -1.734173180559542743e+03 -4.218449569577235252e+02
9.727068912176699087e+03 1.376302837343252463e+02 -2.006789708840550759e+02 2.977176521092476946e+01 -1.216783780894440042e+03 -2.420625258445292900e+02
-9.641877596471407742e+03 1.791299240823538241e+01 -3.861135870904373633e+02 -3.410126175183918917e+01 1.142702329717590828e+03 3.156328695255558046e+02
-2.537848837795099826e+04 1.772227534208070438e+03 6.791727767865043461e+03 4.099245480884787440e+01 3.744078802458025621e+03 -1.161636372389345070e+03
6.656198578932878263e+03 9.551327859410702104e+01 2.133372017800441427e+03 8.560473556861383670e+00 -9.754074067666058454e+02 2.600911879430761431e+01
