1.075652167201042175e-01
9.311599284410476685e-02
1.262893825769424438e-01
8.413088321685791016e-02
1.024405136704444885e-01
1.170178726315498352e-01
9.622360765933990479e-02
7.136531919240951538e-02
7.656560093164443970e-02
8.446244895458221436e-02
8.285769075155258179e-02
1.065860316157341003e-01
7.576467841863632202e-02
9.098754823207855225e-02
1.006971597671508789e-01
8.850462734699249268e-02
9.157691150903701782e-02
1.009957417845726013e-01
9.408348798751831055e-02
8.834449201822280884e-02
1.059309467673301697e-01
8.160679042339324951e-02
9.404341131448745728e-02
1.006491109728813171e-01
8.894381672143936157e-02
9.609892219305038452e-02
8.873680979013442993e-02
9.872718900442123413e-02
1.016400307416915894e-01
1.007711887359619141e-01
1.029336601495742798e-01
1.170308515429496765e-01
9.438544511795043945e-02
1.176410391926765442e-01
1.270135194063186646e-01
1.119193434715270996e-01
1.562592983245849609e-01
1.585089862346649170e-01
1.071684733033180237e-01
1.224511191248893738e-01
1.556056439876556396e-01
1.328965425491333008e-01
1.206823736429214478e-01
1.193833947181701660e-01
1.571543216705322266e-01
1.177088841795921326e-01
1.496955305337905884e-01
1.767613142728805542e-01
1.350241452455520630e-01
1.469791680574417114e-01
1.324493736028671265e-01
1.693600416183471680e-01
1.442182958126068115e-01
1.826844960451126099e-01
1.221346408128738403e-01
1.702555567026138306e-01
1.446174234151840210e-01
1.494991779327392578e-01
1.652437895536422729e-01
