-4.427770496190616996e+02 1.448722615494299316e+04 -2.595903236017453310e+03 1.192600933297348774e+03 1.994513928009046708e+02 7.407502550877609337e+02
1.266402188632740490e+03 1.634031548774490147e+04 -4.265707024784770510e+03 1.250446044546297117e+03 2.455210963800521711e+02 1.322621232101613941e+03
7.150938393108073114e+02 9.180441489860002548e+03 -2.392170763173776777e+03 7.011413223819949962e+02 1.379493621904095164e+02 7.458484112789687970e+02
5.604122261865597920e+02 7.143095297500125525e+03 -1.880135642332972111e+03 5.501461851438037911e+02 1.078125159492097112e+02 5.787963201487460765e+02
3.271816561412647843e+03 -3.146618117060716395e+04 2.648708025810277377e+03 -3.652779271455049638e+03 -5.234674901102455351e+02 -9.574154004007144749e+02
1.472784966599625250e+03 1.883883425975406863e+04 -4.900183134245114161e+03 1.433369282353487051e+03 2.825042392254152332e+02 1.532104154088948917e+03
1.338864651847423374e+03 -1.658643004524357093e+04 1.615228837886684232e+03 -1.439054249149415455e+03 -2.310280713014267349e+02 -7.492206442962068422e+02
2.030874065279127763e+03 -1.794657976052527010e+04 9.274360480914452864e+02 -2.065076384669697291e+03 -2.936259885544249641e+02 -5.065712000486018383e+02
-5.316404673892059662e+01 7.422993161626824303e+02 -7.592127280670240452e+01 5.984149347836514465e+01 9.996755317701460086e+00 3.700119506755603993e+01
-8.446084354504434089e+01 8.453992471670981104e+03 -1.609255972759107408e+03 6.610261258567898039e+02 1.159337724066714799e+02 4.913284225484898116e+02
3.184692596919068819e+03 -2.989191594660819828e+04 2.200736830618344356e+03 -3.447002186240569699e+03 -4.945933116589615111e+02 -9.127057483114763272e+02
3.286815477722195737e+02 -4.082214835353749550e+03 3.979377484424348381e+02 -3.520891153125653545e+02 -5.657911576860691838e+01 -1.841220810437067144e+02
2.838879092116733773e+03 -2.705606006160470861e+04 2.143395708748876586e+03 -3.108845930279165714e+03 -4.465272988268615109e+02 -8.299833535573961854e+02
6.994558770253199782e+02 8.973023639745779292e+03 -2.364501572059019509e+03 6.934146013271703168e+02 1.356247115056104917e+02 7.255625386589343861e+02
3.371311034548661155e+03 -2.972289077309952700e+04 1.515355758039597049e+03 -3.427539404148763879e+03 -4.868812839200413123e+02 -8.337602030124342036e+02
5.932381949644778842e+02 -6.736342958839964012e+03 6.180477291514449689e+02 -6.097803036216856754e+02 -9.501772402769508119e+01 -2.743110807497250789e+02
2.047147159255537645e+03 -1.860178482358546535e+04 1.210583657284552146e+03 -2.152654911595538124e+03 -3.056766760861185617e+02 -5.220275149092781248e+02
2.047147159255537645e+03 -1.860178482358546535e+04 1.210583657284552146e+03 -2.152654911595538124e+03 -3.056766760861185617e+02 -5.220275149092781248e+02
6.859369498196185759e+02 -7.348968944365724383e+03 5.797193844654972281e+02 -6.627378917556821989e+02 -1.032815427029348001e+02 -2.983113982743515749e+02
2.429769819461775114e+03 -2.280791195093305578e+04 1.824336444553122874e+03 -2.656419456945398451e+03 -3.770006055808510723e+02 -6.410340019014689688e+02
5.539251824212678002e+03 -4.695796642394321680e+04 1.368900052141223568e+03 -5.304820232267880783e+03 -7.639788784955933352e+02 -1.446870496824260954e+03
2.745189597270268678e+03 -2.527481376738532344e+04 1.813127324410813344e+03 -2.938779593316097362e+03 -4.167790461361418011e+02 -7.047575591198212805e+02
1.778118257191227030e+03 -1.901938179530122579e+04 1.374067749556828176e+03 -1.663540998130882826e+03 -2.646279689350540707e+02 -8.295021328596600370e+02
1.849705402436168811e+02 -2.327387114119047055e+03 2.284085355738128840e+02 -1.992370939472383782e+02 -3.215729331625150422e+01 -1.063014205149783891e+02
-5.101264580390724177e+02 1.212137484628351194e+04 -2.149374815048831806e+03 1.063973489640607568e+03 1.717438105083124640e+02 5.679180916198054092e+02
-7.823051733719466938e+01 9.871463737179118425e+02 -9.707332997120921902e+01 8.437954237358603393e+01 1.362988153505282085e+01 4.518270585108694348e+01
7.573474311859183672e+02 4.598861898788589315e+04 -1.645511153738213761e+04 6.739049811076830338e+03 1.042044247089091868e+03 2.910766877276751529e+03
1.476435783436126940e+03 -1.357412643471208685e+04 9.784644995805599592e+02 -1.575851305497047406e+03 -2.231000976050127917e+02 -3.720918861563864652e+02
1.476435783436126940e+03 -1.357412643471208685e+04 9.784644995805599592e+02 -1.575851305497047406e+03 -2.231000976050127917e+02 -3.720918861563864652e+02
-1.728690750693386917e+03 1.358075211323390977e+04 2.981931675012624055e+03 1.524880702670826167e+03 1.924311304485482594e+02 8.259321744890707251e+00
5.139284840885712811e+02 -5.916324505121942821e+03 5.200001748023228174e+02 -5.198862140376094203e+02 -8.249906394163747336e+01 -2.562057598103325518e+02
2.825194188857486552e+03 -2.238818777555578345e+04 -5.312215951786981805e+01 -2.572695161481234209e+03 -3.523072730003681272e+02 -4.286604869192924525e+02
2.411987282414428591e+03 2.754532547053076996e+04 -7.326280289506190456e+03 2.075577638933762955e+03 4.142858209849670175e+02 2.296671906151074381e+03
1.129319490805643682e+03 1.317573435429295387e+04 -3.471707717484215209e+03 9.920097579038312006e+02 1.980778776025822765e+02 1.098767629371168368e+03
2.592597654712711119e+03 -2.380985551242375732e+04 1.726532876788586691e+03 -2.777751046676341502e+03 -3.926289124922728320e+02 -6.464456701091673949e+02
7.360765292760038392e+03 -4.925041903637230280e+04 -5.104622986989464152e+03 -5.436439778160870446e+03 -7.665732800804759108e+02 -1.237352181929770950e+03
2.872362782827949346e+01 -4.347193166879579280e+02 5.930029568733853296e+01 -3.902768006721544225e+01 -6.175058245784509126e+00 -1.896149792759403852e+01
2.805033069544403588e+03 3.217589277311782280e+04 -8.502242010007326826e+03 2.410048465078393747e+03 4.823364789249380351e+02 2.686124376088783265e+03
-2.465240269088677110e+02 3.702140589651670780e+03 -5.041035829434420066e+02 3.328707172086494097e+02 5.257650587825329325e+01 1.603572855302154778e+02
2.439309540921965436e+03 -2.239693127293883299e+04 1.663720792786067250e+03 -2.617576315546435580e+03 -3.688462614812498259e+02 -5.920344910580447504e+02
4.502592373232166210e+03 -4.092587686625974311e+04 2.132343749212697730e+03 -4.568528659938863711e+03 -6.701886620353394619e+02 -1.429765162051817242e+03
-2.834306437547233600e+03 2.328747215618612245e+04 5.699549195904101907e+03 2.580987852166043922e+03 3.220765822568504291e+02 -4.045864416174897826e+01
-5.214243452301800971e+03 4.323726592600882577e+04 1.052785221785071553e+04 4.781448294554779750e+03 5.953514406105982744e+02 -9.469900479592877218e+01
1.077551813192698944e+02 -7.782449989349954649e+02 -1.259371782468854803e+02 -8.588970790589291937e+01 -1.122162423893185057e+01 -6.207871828395647107e+00
5.127169096825607539e+02 -5.741700974464207320e+03 5.216118019314193361e+02 -5.233836419627418763e+02 -8.111642774236791809e+01 -2.288644605976258219e+02
-5.286990725239954372e+03 4.415124680936474761e+04 1.079601542691801114e+04 4.868056157256910410e+03 6.051658511309374262e+02 -1.109551494866420143e+02
8.319019553577423949e+02 -8.789520582739623933e+03 6.325678291373096727e+02 -7.766724770939883911e+02 -1.225272683637113147e+02 -3.719470935227097925e+02
-4.994438125559105174e+03 4.110408218117648357e+04 7.318562015767772209e+03 4.653791947557247113e+03 5.787127753854401817e+02 -1.033281181569257683e+02
1.277710258901342968e+03 -1.342592846404358170e+04 9.504704792348804858e+02 -1.187540656322964196e+03 -1.873270688232516932e+02 -5.684343095841869626e+02
-7.521513963478755613e+03 6.152170801713207766e+04 7.676480565084544651e+03 7.083993434384011380e+03 8.791526400771867884e+02 -1.837292692045268154e+02
-6.696811106556352797e+02 1.402055878324165133e+04 -2.726877021339963903e+03 1.318159510514370140e+03 2.042385406842811904e+02 5.755637955699290842e+02
1.103941908339214706e+03 2.704054704579264217e+04 -6.409374481793601262e+03 2.051207549409847616e+03 3.824956399567240055e+02 1.865811810978679205e+03
4.465929733854469532e+02 -5.029499512320087888e+03 4.618567174538666222e+02 -4.579853186624200703e+02 -7.102786187675253871e+01 -2.009747335265669506e+02
6.800777060497381399e+00 -4.861772097708670515e+01 -1.045841892183853794e+01 -5.280640328123587857e+00 -6.856016329309766455e-01 -3.168266133117129679e-01
1.319145389110743452e+02 -1.655916591192711849e+03 1.622803722560083486e+02 -1.420322404029263339e+02 -2.290764419734577118e+01 -7.553025614114453390e+01
7.357140879554169715e+02 -7.589930668267820693e+03 5.743857045631101528e+02 -6.999021910957748105e+02 -1.072308189100999272e+02 -2.874028891512681980e+02
1.956912635961148908e+03 -1.763513252450866639e+04 6.495045240070714954e+02 -1.585995726184756904e+03 -2.458983029741158077e+02 -6.949217849864263599e+02
8.481733893203622756e+02 1.574659009636329188e+02 1.052200554540699500e+02 4.433428880484933110e+00 -9.400381119409199471e+01 2.169803157697188567e+01
1.263726197440473516e+04 4.191640098042606041e+03 6.043580998990351873e+03 -1.015006746879159572e+01 -1.898137018241882060e+03 6.461021223410192533e+02
1.245941041196561127e+04 4.156221729920916005e+03 6.020288666232068863e+03 -1.014602004983707317e+01 -1.878967017173667045e+03 6.397823445376136533e+02
1.532453861253095783e+04 5.067171461592504784e+03 7.248938353005885801e+03 -1.419183139735373267e+01 -2.300993096702341063e+03 7.871678408760534467e+02
2.079605045817684731e+04 2.597190745164376040e+03 -4.036307695905052697e+03 2.247288531531308706e+02 -2.548637636937346997e+03 3.701669982767844544e+02
1.129773738039480668e+04 3.786554867130671028e+03 5.506623975612863433e+03 -9.241385476930812359e+00 -1.706084122994628160e+03 5.809765588458777756e+02
-1.880795077688415040e+04 -3.025758966242643510e+03 -6.956723915598682879e+02 -1.719792944196590270e+02 2.056135675112931949e+03 -3.180881777426679378e+02
1.114239253511348215e+04 1.441835412355572544e+03 -2.341397676471071463e+03 1.384949016272427116e+02 -1.350414866908501381e+03 1.556126295705328744e+02
-3.191491924719213057e+04 -5.616539671510257904e+03 -3.964989647974435229e+03 -2.857904863123387713e+02 3.527402676999688538e+03 -5.649940292714459247e+02
8.888650817300576819e+03 1.917737808266398361e+03 2.041372615651875549e+03 4.173339413837813794e+01 -1.044786257795546135e+03 2.568935457832292855e+02
1.487984106849081763e+04 1.894312398462780948e+03 -2.857778114452248701e+03 1.689266213254601610e+02 -1.817976231131470286e+03 2.460487501194911886e+02
-2.219072765827604599e+04 -3.577595865104816312e+03 -8.665576167799014229e+02 -2.019835920948460455e+02 2.416267315231828434e+03 -3.740471095266678390e+02
1.450509659135982838e+04 1.835307280882644136e+03 -2.754777610653346073e+03 1.597230505430524374e+02 -1.765910784064881909e+03 2.481114659679369652e+02
1.431919627223990574e+04 4.708099674538554609e+03 6.707077387933300997e+03 -1.295446129237956612e+01 -2.145284177914484189e+03 7.333219495720436498e+02
1.538577408678878055e+04 1.989700785904732811e+03 -3.261652205172125832e+03 1.920322980910007971e+02 -1.867076863388106631e+03 2.140017443947629090e+02
-6.480089824031870194e+03 -9.760107583862038609e+02 1.703373819802160938e+02 -6.020878948535152375e+01 6.990141044232950662e+02 -1.045042796826354845e+02
1.698872523973546049e+04 2.143525854613567844e+03 -3.605816553905046021e+03 1.990831741689719365e+02 -2.063061949563814323e+03 2.638134591453226676e+02
1.698872523973546049e+04 2.143525854613567844e+03 -3.605816553905046021e+03 1.990831741689719365e+02 -2.063061949563814323e+03 2.638134591453226676e+02
-1.289102116800256772e+04 -1.946308337721094176e+03 3.364992752540969150e+02 -1.273528923749686328e+02 1.388779515879391056e+03 -1.914923655430458211e+02
2.596108317154369433e+04 3.187890256744261933e+03 -5.524075929565510705e+03 2.838362159675575640e+02 -3.161638412308189800e+03 4.486513822488778942e+02
-5.857472081192798214e+03 -8.009344988853115410e+02 1.089156231241709065e+03 -7.997421144674629545e+01 7.088384921268200287e+02 -6.649615826435714894e+01
2.375295813404511500e+04 2.954349419194640632e+03 -5.093295064277972415e+03 2.701914302512403196e+02 -2.890696950151924739e+03 3.879206828746313818e+02
-2.438393698702173060e+04 -3.833491393232305654e+03 -4.242238982983674873e+02 -2.506277838558905273e+02 2.650123443999207666e+03 -3.495383306885417483e+02
-2.067529574754077476e+04 -3.366254506585661147e+03 -1.003195129581001993e+03 -1.877207719124170353e+02 2.254206372163892866e+03 -3.504526968658509531e+02
1.153277379235588342e+04 1.919882695245753212e+03 5.502181209751668121e+02 6.170332284617491325e+01 -1.262669051144555851e+03 2.869576925985496700e+02
-2.115081666737610431e+04 -3.449924306986687043e+03 -1.062675270828669227e+03 -1.918463217693065133e+02 2.306302643926941073e+03 -3.589959460369176441e+02
1.694230087608085159e+04 2.349592174550113668e+03 -6.426583157431637119e+02 -7.595990287840906774e+01 -2.608863379218722912e+03 1.017413342077848938e+03
2.277573282142337848e+04 2.819863134957562124e+03 -4.958569480049137383e+03 2.576348911324886330e+02 -2.762365518635926037e+03 3.718706927153112929e+02
2.277573282142337848e+04 2.819863134957562124e+03 -4.958569480049137383e+03 2.576348911324886330e+02 -2.762365518635926037e+03 3.718706927153112929e+02
-8.616952483737068178e+03 -2.054723846332715311e+03 3.524736138036614648e+03 -2.278291821383788260e+02 9.373603951221797388e+02 1.667823760303372467e+02
-1.812227002504303891e+04 -2.839242822201430954e+03 -2.200167352460523773e+02 -1.724934576865171607e+02 1.964531945438845923e+03 -2.868566603545922362e+02
1.489827957457964112e+04 2.035427121449941296e+03 -4.200608658903114701e+03 2.230478182274796950e+02 -1.757064656951715051e+03 1.130653697301148668e+02
1.486110664114307292e+04 5.218708294961919819e+03 7.650808237217718670e+03 -2.374448525213606231e+01 -2.292767600922178644e+03 8.043923656856148909e+02
1.388744282930705958e+04 4.866059832750462192e+03 7.174923452672632266e+03 -1.958276957034097521e+01 -2.146779783713089728e+03 7.476449991191801701e+02
2.439901018193451455e+04 3.007388657428808074e+03 -5.385641689073133421e+03 2.761763923832424439e+02 -2.968763827971972205e+03 4.011343690917601066e+02
-4.376524242823870736e+04 -7.190668397491071119e+03 9.857906345950124887e+03 -8.751879956411412422e+02 5.057997866346378942e+03 1.609276506984240029e+02
2.122624898631891938e+03 3.310864832851377741e+02 1.240718520608063358e+01 1.544896382223673115e+01 -2.312645748073613561e+02 4.390328748748855503e+01
1.577345185447012045e+04 5.571717635359207634e+03 8.230121605680469656e+03 -2.408866003455838722e+01 -2.440135432083604883e+03 8.536283794334812001e+02
3.394010614514143526e+03 5.268835012177572708e+02 7.493432963426049476e+00 2.470068154989455422e+01 -3.691442675043675195e+02 6.999270053703580174e+01
2.717706282896471384e+04 3.314727777055609749e+03 -6.155825796238112162e+03 3.041807635531077949e+02 -3.301367870212877278e+03 4.522034537985020393e+02
-4.767686967009306500e+03 -6.524153546358857056e+02 7.124134559583192186e+02 -5.979652411809992429e+01 5.813322176780225163e+02 -6.662014962962997799e+01
-3.716241184976343902e+03 -9.552979044189288516e+02 1.566506816536608540e+03 -1.024171177338153456e+02 3.947188812258115149e+02 8.375077601198317723e+01
-1.240483457621514617e+03 -3.198283342543487038e+02 5.274764468859357294e+02 -3.411323698040146724e+01 1.315400831396452475e+02 2.787391085890657649e+01
-8.049107070672829650e+03 -1.596161690653538699e+03 2.894302953806890400e+03 -1.824030505635835766e+02 8.810137940052976546e+02 9.054701632124707089e+01
-4.988292129512332394e+03 -7.425740577380138348e+02 1.872235473685717011e+02 -4.643510524921470761e+01 5.367875946200575754e+02 -7.983472462241972778e+01
-6.663139138685971830e+02 -1.728076195642832715e+02 2.848133609272688318e+02 -1.833083755922720925e+01 7.041429831888628144e+01 1.506671893399379769e+01
-2.005483551467192228e+04 -3.103426418535258563e+03 6.288108275569167738e+00 -2.052649714536496788e+02 2.167425514552256118e+03 -2.852740767242545985e+02
1.340391258989320158e+04 3.010901826445175175e+03 -5.898599594374753906e+03 3.330343392965573344e+02 -1.491450609887519704e+03 -2.038809175360383676e+02
-2.212626509901391546e+04 -3.423344161728173731e+03 1.156747531101182780e+01 -2.279050454755748660e+02 2.393636604686721967e+03 -3.125086106647286215e+02
3.183978971682628617e+04 6.236974033797109769e+03 -1.435025626826455118e+04 7.084346047003042486e+02 -3.648590592316093534e+03 -2.769980622930777940e+02
3.547269776354571513e+04 5.147223339195244080e+03 -1.313755481290022999e+03 1.590549839893607214e+02 -3.820894116081772609e+03 9.260668656647027319e+02
3.963286592388788904e+03 1.086280765562505621e+03 1.443990288864956938e+03 6.793393252719295283e+00 -5.196185689058091839e+02 1.568987121310460680e+02
-8.011745270601845732e+03 -1.194128160115709761e+03 2.895846625256568245e+02 -7.421067195097469948e+01 8.620866336098357579e+02 -1.289762102411798139e+02
-2.164986974022281720e+04 -4.815485235791687955e+03 7.864674987545044132e+03 -5.388099533931043652e+02 2.291368654777500979e+03 3.698963338490017918e+02
-1.918384299511021527e+04 -3.118298378254454747e+03 -9.006715245357403319e+02 -1.744023407260840486e+02 2.092614974055095445e+03 -3.250423066652497255e+02
-7.436394979476060143e+03 -1.085734286919574288e+03 4.573628428546314240e+02 -7.402827217703264751e+01 7.958875129571441676e+02 -1.075620940019812082e+02
-2.719322719399955167e+04 -4.104752283305076162e+03 1.006071561804293538e+03 -3.198408389599145494e+02 2.910534569534587717e+03 -2.908531795393909078e+02
