55 328
57 399
58 401
63 501
65 165
77 1797
79 398
100 1690
102 501
107 784
119 1781
127 501
137 522
145 2028
152 407
157 1489
159 1416
171 501
184 1521
188 535
192 1576
197 331
236 1293
240 1020
248 251
278 1647
292 1650
318 1252
324 1474
331 1529
347 165
404 1502
413 393
418 1222
443 1091
452 88
454 411
457 330
462 197
512 1366
513 1365
553 418
560 258
571 1315
576 497
591 1394
593 197
605 2269
607 183
625 1416
628 1203
645 530
649 2440
652 1428
671 424
682 1416
684 1298
695 616
696 617
698 1299
703 279
708 288
714 175
720 1125
747 1099
752 432
756 197
770 1308
773 2194
774 438
784 1064
795 1762
799 428
801 2067
807 1086
821 1860
823 291
844 441
854 436
856 190
861 339
866 190
876 407
883 1168
886 1273
892 2426
894 1288
906 168
909 325
928 1478
937 1064
990 1682
999 1318
1004 1318
1015 190
1018 1164
1035 1444
1037 1680
1048 326
1057 1680
1066 712
1075 1751
1088 267
1095 965
1100 1753
1105 334
1113 1977
1131 190
1135 2083
1137 2383
1153 197
1177 190
1208 1586
1213 456
1215 1748
1241 510
1250 1545
1262 1434
1279 346
1283 1515
1317 197
1318 1202
1335 449
1354 1146
1369 1326
1375 187
1384 943
1393 1165
1407 184
1420 43
1425 508
1428 84
1432 856
1436 2305
1479 1172
1500 362
1509 629
1520 541
1525 351
1541 465
1549 509
1555 2311
1568 1589
1576 460
1596 526
1606 1416
1617 1260
1638 1225
1656 139
1670 347
1676 1539
1677 2292
1678 1053
1692 1444
1743 90
1759 1155
1760 1220
1772 503
1777 1466
1783 221
1788 1001
1799 1175
1801 1594
1816 474
1845 499
1861 1601
1878 349
1890 1112
1893 1246
1923 1024
1936 1140
1990 210
1999 1267
2029 363
2034 274
2036 1540
2037 1162
2038 1165
2066 1237
2067 853
2083 2079
2084 1739
2087 116
2094 80
2097 1128
2109 592
2142 1521
2167 445
2170 2203
2173 2041
2179 512
2210 122
2213 1535
2218 1082
2223 2197
2230 325
2232 121
2242 354
2255 1972
2271 1519
2288 506
2291 393
2301 1428
2309 1568
2311 2385
2315 538
2330 1557
2337 833
2346 1543
2365 1732
2371 604
2372 2199
2384 62
2386 497
2391 1382
2397 100
2399 114
2420 493
2454 1756
2457 1416
2483 462
2512 1232
2527 238
2530 1548
2537 512
2571 1578
2585 634
2587 1048
2598 1091
2599 1186
2608 351
2621 1568
2623 988
2629 150
2645 1797
2675 513
2678 1630
2681 257
2684 125
2686 78
2687 501
2697 406
2724 1416
2727 125
2737 1524
2741 1167
2749 105
2754 1737
2760 113
2763 110
2774 424
2829 470
2839 121
2841 1218
2853 623
2865 1995
2881 2168
2891 367
2895 368
2900 1489
2923 154
2926 476
2954 1699
2959 121
2966 1709
3013 2113
3018 407
3040 472
3057 1164
3058 366
3099 1854
3104 481
3125 483
3129 364
3130 2122
3143 1039
3148 2153
3163 46
3165 1122
3166 964
3179 1024
3182 628
3213 2042
3233 1820
3244 511
3246 372
3288 479
3292 800
3299 1274
3312 326
3324 108
3332 1355
3335 1009
3336 605
3366 1612
3387 1914
3430 467
3431 325
3437 527
3439 190
3446 524
3455 974
3463 10
3464 1610
3482 1141
3487 500
3489 1871
3490 84
3529 810
3541 2167
3544 1036
3550 374
3556 2158
3608 1373
3636 409
3645 375
3647 2246
3674 1073
3677 1283
3684 2324
3688 382
3693 1019
3698 1755
3704 238
3712 1156
3715 2158
3746 1144
3749 506
3754 257
3771 2203
3772 311
3785 84
3786 1081
3789 84
3804 454
3836 978
3849 2305
3850 70
3851 326
3865 159
3871 1756
3920 626
3932 1367
3955 2377
3964 78
3976 2168
3979 971
3981 389
3983 1306
3984 23
3992 966
4003 413
4009 1565
4011 390
4024 2353
4036 80
4049 973
4051 515
4052 1725
4066 455
4068 1399
4073 2432
4095 190
4099 243
4101 537
4107 963
4115 237
4122 262
4132 119
4143 1579
4146 1685
4152 2238
4170 391
4172 785
4200 2343
4209 1434
4217 1434
4224 43
4232 383
4248 396
4260 1676
4283 2168
4285 159
4293 1763
4296 407
4304 69
4315 105
4323 1010
4335 1403
4348 994
4354 1055
4357 268
4363 1482
4368 2255
4387 1636
4414 1388
4417 326
4432 43
4437 2249
4445 501
4448 1326
4450 2203
4459 437
4465 1345
4492 1466
4516 294
4525 522
4532 1006
4547 2385
4573 407
4580 1256
4589 121
4595 1496
4596 1804
4604 326
4623 1416
4625 78
4670 627
4680 522
4681 1047
4748 1728
4749 78
4766 435
4769 483
4771 402
4834 1398
4853 1227
4860 1720
4866 422
4888 260
4916 1466
4917 431
4933 573
4934 69
4937 574
4941 2180
4959 429
4979 2220
4990 421
4992 419
4994 1670
5035 1434
5045 1024
5061 607
5065 953
5071 2442
5072 1372
5074 407
5083 1359
5093 80
5137 2236
5150 311
5154 1187
5155 1185
5173 2322
5183 65
5190 572
5197 1815
5198 584
5205 498
5208 445
5218 1325
5230 365
5240 2203
5258 404
5261 1381
5268 2425
5284 1606
5306 501
5310 405
5355 313
5367 1405
5372 1650
5393 1072
5411 1611
5424 1630
5450 417
5457 84
5466 420
5494 155
5503 1502
5508 1447
5513 1323
5515 1262
5542 2203
5547 325
5549 601
5564 1234
5565 414
5585 106
5596 557
5611 596
5625 51
5629 1646
5641 341
5644 325
5675 323
5684 584
5691 378
5707 301
5750 548
5751 959
5756 315
5764 530
5765 2310
5774 309
5813 2445
5821 1416
5844 1309
5845 1650
5897 1352
5900 696
5908 2203
5923 1157
5926 443
5932 1474
5947 1591
5960 1048
5975 306
6002 16
6006 2445
6027 1277
6031 197
6039 833
6045 1683
6051 430
6053 62
6063 1276
6088 1379
6131 567
6144 1759
6152 1719
6157 300
6191 1481
6199 2203
6206 1692
6207 309
6240 547
6253 1053
6256 1403
6257 1403
6280 295
6281 579
6282 833
6287 299
6289 1481
6303 1444
6313 2361
6315 833
6327 1630
6353 833
6355 407
6362 1144
6365 1979
6410 1536
6416 1195
6447 1747
6465 292
6473 1024
6497 588
6521 1661
6522 152
6525 673
6531 289
6535 1053
6542 1262
6569 2038
6574 2152
6579 598
6595 973
6631 1624
6635 407
6657 282
6663 1804
6674 280
6678 768
6681 620
6751 277
6756 1630
6769 1630
6772 2092
6773 2237
6777 1071
6795 1213
6800 205
6810 276
6814 121
6828 269
6835 225
6838 735
6841 2442
6848 326
6853 613
6887 116
6891 248
6892 1245
6897 113
6903 2139
6959 97
6971 152
6991 1209
7010 402
7022 266
7029 833
7034 484
7039 273
7042 407
7046 1804
7053 78
7069 1416
7092 2310
7117 2092
7123 833
7138 239
7161 1528
7172 1032
7174 539
7203 1416
7214 1851
7218 60
7221 71
7262 56
7339 1860
7345 20
7350 1416
7354 1915
7360 215
7372 1945
7385 253
7412 2246
7415 1137
7418 81
7431 1024
7445 311
7453 1416
7466 24
7470 26
7472 1701
7483 2092
7489 407
7494 1413
7501 134
7515 2160
7516 69
7539 1072
7540 1214
7546 1132
7559 84
7569 1503
7579 1113
7583 1050
7620 1896
7627 2383
7630 298
7631 93
7633 151
7663 270
7668 88
7672 237
7675 119
7677 1899
7685 1124
7692 1148
7697 832
7700 2173
7715 900
7767 1718
7786 229
7788 407
7790 1997
7795 793
7809 222
7812 916
7814 606
7857 424
7862 1639
7885 279
7893 1267
7911 1416
7942 1053
7960 2203
7965 2020
7978 169
7979 203
7983 1053
7985 1228
8007 197
8008 104
8034 1365
8035 1416
8040 362
8048 1079
8056 208
8066 2210
8071 2385
8078 501
8079 2203
8098 1983
8143 653
8178 2167
8181 616
8194 335
8205 1229
8239 211
8244 128
8256 1952
8257 1416
8260 40
8264 1965
8266 1053
8268 1061
8271 1053
8296 206
8301 194
8306 1466
8334 945
8335 78
8336 1940
8340 186
8355 311
8368 1964
8374 2143
8376 191
8387 1563
8402 1563
8404 1987
8414 326
8428 1762
8435 633
8444 1863
8446 1053
8450 1466
8456 34
8462 544
8463 1804
8469 1416
8470 1960
8478 166
8479 1586
8489 696
8494 113
8502 231
8510 1444
8520 197
8539 270
8540 269
8553 953
8556 925
8599 1411
8604 1410
8620 311
8627 155
8632 1412
8644 310
8654 283
8667 121
8669 308
8689 40
8696 199
8697 1512
8707 1444
8714 307
8721 418
8726 203
8730 336
8745 305
8746 304
8751 1440
8752 1431
8753 1430
8761 178
8763 1451
8764 691
8781 1406
8806 959
8824 124
8825 307
8867 2276
8879 245
8889 576
8912 220
8941 1963
8958 918
8965 844
9017 2139
9031 173
9033 187
9039 2215
9043 908
9059 572
9097 197
9106 1416
9107 332
9116 1762
9120 326
9121 1486
9148 1443
9169 464
9183 926
9187 1507
9209 185
9233 197
9242 180
9245 501
9248 1140
9253 312
9254 243
9264 2442
9285 1528
9298 1416
9306 1566
9313 252
9321 1958
9331 223
9333 224
9334 172
9357 2300
9362 2139
9381 1820
9423 884
9428 170
9446 1733
9447 1734
9449 1416
9463 943
9464 1001
9467 190
9482 1971
9483 957
9491 2038
9499 805
9513 261
9514 1017
9515 106
9537 934
9546 1416
9547 1762
9565 949
9580 1513
9601 263
9607 1416
9616 340
9638 344
9655 242
9685 1204
9699 1416
9702 1466
9704 1898
9732 1856
9735 84
9747 1004
9752 281
9772 2042
9773 1627
9808 655
9852 158
9855 667
9860 145
9861 1416
9862 501
9863 144
9865 143
9867 147
9871 1804
9884 150
9894 842
9903 275
9920 2016
9922 98
9930 841
9957 709
9979 275
9980 2085
9983 863
9991 1444
9994 155
10008 1964
10013 1599
10036 334
10038 1406
10051 40
10079 1935
10088 1332
10091 584
10115 1522
10117 270
10118 1462
10120 130
10121 2001
10124 658
10135 1406
10136 727
10143 2168
10148 1595
10154 2379
10167 1256
10180 337
10185 856
10186 338
10207 1403
10208 856
10214 2305
10226 2218
10253 2203
10261 1459
10266 451
10278 430
10286 43
10320 424
10327 360
10331 2217
10336 2165
10344 358
10356 311
10370 709
10371 5
10372 6
10375 2250
10383 2085
10403 833
10463 348
10472 816
10473 138
10477 2305
10484 270
10492 408
10493 1416
10496 184
10504 1937
10508 1939
10525 1652
10532 1470
10536 142
10537 1583
10540 1736
10563 85
10564 727
10573 52
10588 385
10591 952
10613 220
10619 677
10621 1520
10635 793
10636 101
10637 136
10653 220
10670 121
10685 812
10688 439
10703 2304
10713 2353
10714 133
10731 797
10741 1929
10768 2126
10773 1597
10782 2213
10792 118
10795 1440
10797 283
10804 1416
10816 1416
10817 1921
10818 1608
10837 543
10843 212
10864 873
10870 106
10876 72
10880 856
10894 159
10902 1162
10907 788
10912 275
10916 2377
10920 425
10926 333
10948 333
10954 1656
10979 824
10982 443
11008 220
11018 1213
11028 101
11030 519
11034 101
11040 141
11053 999
11059 2445
11060 316
11070 516
11071 1651
11089 856
11099 319
11101 320
11104 326
11106 388
11137 1416
11165 522
11174 2442
11179 326
11192 1416
11202 833
11214 1804
11225 833
11236 1186
11267 845
11270 1262
11279 1416
11289 1948
11291 1416
11292 501
11294 1416
11295 1416
11297 501
11307 2139
11329 1846
11354 91
11358 1584
11365 70
11388 1416
11392 410
11402 2379
11409 132
11415 423
11428 2379
11435 43
11437 1603
11438 1466
11450 270
11483 434
11485 416
11494 458
11497 751
11503 197
11512 353
11538 833
11540 528
11547 2240
11558 528
11562 2242
11573 858
11576 1804
11579 359
11588 606
11591 2085
11600 197
11607 101
11619 220
11622 220
11631 446
11637 296
11648 484
11651 469
11678 759
11745 1072
11746 450
11763 74
11764 73
11766 72
11768 106
11769 106
11782 466
11798 1904
11809 1158
11825 1039
11833 2121
11835 858
11836 197
11840 1590
11843 531
11852 96
11885 220
11890 101
11891 93
11900 53
11906 70
11914 566
11915 447
11948 1697
11960 412
11985 2246
11997 536
11998 1072
12000 1754
12013 446
12040 1210
12045 736
12059 86
12072 1123
12078 326
12081 1648
12108 612
12132 1678
12140 155
12141 710
12155 311
12164 84
12192 1416
12195 426
12209 2169
12215 1072
12228 445
12253 1212
12274 507
12281 700
12282 699
12286 1434
12305 80
12309 562
12327 577
12355 1528
12362 800
12407 625
12415 38
12420 63
12429 5
12431 6
12438 75
12440 1098
12444 286
12459 203
12461 702
12463 62
12467 1743
12473 1744
12475 505
12478 1512
12484 168
12489 1416
12492 549
12495 1514
12497 848
12500 1500
12503 168
12512 394
12573 976
12585 1757
12608 2203
12626 1298
12633 1933
12637 197
12643 523
12653 1723
12679 16
12680 979
12703 689
12713 1529
12715 326
12719 672
12725 1954
12726 674
12727 326
12734 1990
12737 39
12746 30
12753 1130
12757 741
12763 742
12769 558
12776 644
12777 721
12785 1416
12791 1862
12792 800
12793 1861
12797 211
12801 1789
12805 1416
12818 1136
12822 2229
12830 572
12832 2159
12855 551
12860 662
12863 1878
12866 701
12869 301
12871 2196
12875 37
12876 560
12882 40
12884 43
12885 67
12886 64
12898 37
12914 2203
12915 325
12918 577
12922 701
12942 1964
12977 1964
12982 966
13011 1859
13029 241
13048 393
13049 1964
13050 1161
13059 2445
13072 1888
13089 1964
13101 407
13105 2417
13107 576
13115 205
13118 44
13135 929
13138 580
13145 1841
13148 1970
13156 1413
13169 609
13173 610
13175 1406
13216 1413
13218 1451
13233 1759
13246 801
13250 52
13258 856
13274 619
13282 966
13285 1414
13308 1158
13310 809
13319 1450
13331 817
13337 1235
13339 1412
13395 147
13412 831
13414 839
13427 637
13431 1410
13437 1411
13445 1923
13454 1948
13466 856
13480 819
13489 1917
13496 1710
13511 111
13515 1326
13528 2086
13529 121
13556 7
13563 608
13565 630
13572 1417
13579 1599
13586 212
13599 1551
13606 629
13617 1451
13618 1848
13628 646
13632 220
13633 101
13660 1023
13686 624
13691 1964
13693 1926
13703 599
13705 2379
13706 2442
13708 861
13710 2168
13714 489
13733 1179
13736 212
13747 1982
13751 1638
13762 1430
13764 1430
13775 43
13785 2215
13787 1416
13797 794
13828 2154
13830 1804
13847 88
13856 53
13866 220
13867 140
13869 885
13870 887
13874 53
13877 875
13881 1340
13903 1950
13906 220
13918 852
13923 125
13925 1428
13926 1416
13927 407
13938 900
13942 1208
13953 213
13979 805
13989 2017
14003 1986
14004 1133
14014 1421
14026 904
14027 905
14046 864
14056 680
14057 1416
14066 1877
14082 190
14084 1420
14089 1439
14104 407
14106 970
14119 859
14122 252
14130 860
14133 964
14138 311
14146 665
14147 2145
14150 665
14170 205
14201 1298
14208 670
14215 121
14221 1432
14232 726
14237 661
14249 808
14263 62
14264 82
14279 825
14286 310
14288 465
14292 1818
14319 84
14324 1964
14326 851
14338 83
14344 681
14349 735
14354 784
14358 220
14364 889
14369 113
14370 1964
14372 632
14378 77
14379 1704
14385 2009
14388 2085
14389 1393
14390 1392
14399 1023
14417 393
14418 1406
14453 604
14454 1440
14465 1431
14467 85
14468 1452
14489 1437
14491 1967
14509 663
14523 1981
14530 1434
14532 2083
14533 805
14553 45
14555 1416
14557 1451
14559 761
14562 326
14564 2085
14567 792
14579 362
14581 1298
14583 80
14592 1451
14600 301
14620 38
14623 148
14629 1393
14636 744
14637 1441
14640 1062
14650 101
14655 1447
14657 220
14662 125
14663 664
14690 1234
14694 1000
14703 813
14721 1964
14724 558
14726 2377
14731 314
14740 1759
14743 724
14763 1192
14767 237
14772 2203
14773 1406
14775 1451
14777 1936
14782 1711
14795 93
14808 148
14820 106
14828 2061
14839 1446
14842 94
14858 1860
14864 1416
14865 501
14867 107
14869 2197
14874 716
14877 715
14880 998
14898 2343
14913 1450
14914 276
14933 1857
14965 197
14970 964
14982 766
14988 617
14994 1115
14998 881
15000 1316
15001 882
15003 713
15006 1908
15013 1016
15019 1458
15025 1650
15048 847
15082 1451
15086 891
15095 1920
15107 2303
15108 1935
15111 823
15146 1184
15154 1717
15159 1283
15168 939
15180 1964
15184 871
15188 1662
15199 184
15207 93
15214 1069
15218 1922
15219 1808
15238 311
15239 770
15246 1859
15258 961
15259 543
15260 1312
15279 1791
15291 1759
15318 1462
15333 571
15334 990
15347 2085
15377 1457
15409 1964
15424 9
15429 241
15446 119
15466 1964
15467 1103
15475 984
15483 1804
15489 1964
15495 1964
15521 1049
15532 1964
15539 1964
15578 1206
15580 501
15599 1127
15605 15
15631 1859
15633 876
15644 618
15647 1191
15652 906
15656 1932
15683 148
15686 1406
15707 197
15719 2340
15745 0
15746 1
15750 890
15767 834
15771 2379
15778 393
15782 1210
15783 407
15790 833
15798 87
15807 943
15810 901
15840 1239
15862 1002
15881 1523
15883 189
15888 1198
15918 82
15932 912
15940 1897
15941 1898
15948 1469
15951 584
15952 856
15959 62
15970 82
15983 1046
16011 1134
16047 958
16052 5
16053 6
16064 220
16066 101
16081 574
16082 1665
16094 1211
16096 2155
16097 220
16101 2197
16103 85
16114 1041
16137 739
16138 2076
16165 184
16178 1440
16183 1643
16194 833
16196 1638
16208 1257
16209 1039
16211 84
16226 106
16231 1117
16236 1992
16262 53
16270 1310
16281 1419
16283 52
16290 125
16293 1264
16295 1829
16302 53
16311 99
16322 59
16325 1106
16329 678
16389 1354
16392 1377
16410 362
16420 2038
16422 1434
16427 1598
16435 623
16441 54
16451 1837
16482 1920
16488 1030
16490 1424
16491 1321
16495 1508
16496 1391
16498 1531
16502 1568
16513 1878
16514 1080
16515 1058
16532 2101
16541 2060
16573 543
16586 1700
16602 1416
16611 1063
16623 1273
16635 1098
16638 1065
16643 1005
16659 1479
16670 1435
16672 1083
16673 1159
16688 1143
16702 82
16705 1380
16713 1047
16714 669
16716 1045
16755 220
16770 101
16785 1455
16801 148
16814 2085
16822 1328
16838 1008
16839 220
16841 1023
16875 1078
16879 1452
16883 564
16889 83
16899 101
16900 1859
16914 1440
16922 1024
16934 1479
16939 1430
16942 101
16950 1386
16952 1596
16956 247
16957 1120
16959 220
16967 1076
16976 106
16980 867
16993 1602
17003 1416
17013 1675
17018 1859
17019 1604
17052 101
17057 602
17058 2360
17060 220
17072 53
17074 1014
17092 728
17106 1894
17118 1451
17127 1466
17133 2085
17136 1135
17138 159
17157 95
17158 953
17160 1317
17162 1607
17174 1768
17184 1455
17185 421
17186 1416
17187 501
17212 1021
17217 162
17230 1268
17238 39
17248 39
17261 2071
17276 1067
17283 1860
17284 1261
17291 84
17306 1336
17316 931
17339 1767
17360 1290
17379 1024
17416 1451
17421 116
17444 1087
17450 1451
17469 1451
17478 106
17500 1343
17508 1242
17514 1445
17516 1648
17542 362
17553 42
17554 1336
17564 45
17583 68
17587 1151
17608 1160
17615 1416
17618 93
17664 36
17675 2004
17681 1314
17682 423
17714 848
17716 1025
17727 1416
17736 1838
17766 1459
17771 2085
17808 2045
17820 241
17822 691
17823 1181
17831 2385
17839 1234
17843 78
17845 147
17846 1772
17850 1196
17864 6
17867 470
17870 17
17889 9
17893 1434
17899 1832
17906 1416
17907 2276
17908 1416
17914 1243
17921 1173
17924 1246
17942 445
17953 1406
17961 1461
17965 1298
17966 560
17973 1229
17975 1248
17980 1263
17985 969
17990 1275
17991 1029
17994 1170
18004 1470
18009 1298
18026 1470
18035 1296
18048 1658
18049 1215
18056 1201
18059 1241
18071 1416
18075 714
18094 393
18100 1119
18104 2301
18110 1499
18111 1249
18112 1250
18116 1164
18133 1246
18142 1258
18152 1231
18154 1110
18158 1118
18169 1126
18183 105
18202 1156
18222 1465
18223 1289
18224 927
18242 1291
18246 1776
18248 147
18252 1335
18258 1374
18260 1247
18261 1466
18278 1280
18279 1281
18290 1464
18323 1605
18333 1311
18338 393
18362 13
18380 1800
18382 1801
18384 111
18391 1360
18403 1324
18404 1338
18408 1449
18411 1303
18431 1107
18437 1349
18441 101
18444 1109
18449 1234
18454 1544
18455 1545
18462 2075
18470 1038
18476 1094
18504 220
18510 393
18518 125
18521 101
18532 1224
18543 1615
18544 1635
18554 1312
18563 1405
18579 43
18587 1254
18612 1176
18618 1415
18619 101
18622 1341
18630 1389
18635 953
18637 190
18644 1430
18652 1044
18653 1440
18659 1043
18667 1964
18674 1616
18682 1451
18703 613
18704 827
18715 140
18717 1448
18731 1297
18732 1964
18738 220
18743 1184
18745 899
18750 53
18760 113
18763 1077
18765 149
18768 596
18779 220
18785 1406
18789 1527
18792 1177
18800 213
18803 212
18834 1205
18844 1075
18857 1436
18860 1123
18875 1680
18877 1307
18885 184
18911 2325
18925 1438
18926 1142
18953 1364
18954 336
18963 1603
18967 2203
18968 1302
18993 1341
19019 1440
19030 1443
19032 1362
19039 2077
19048 804
19051 184
19052 2045
19053 187
19056 197
19067 326
19069 1236
19073 1139
19078 101
19095 512
19113 1783
19116 1479
19132 1416
19139 270
19140 269
19143 220
19144 46
19145 47
19153 101
19154 121
19159 84
19179 101
19186 1265
19188 84
19194 1353
19198 1216
19208 1101
19225 735
19231 112
19252 1395
19265 1574
19277 833
19332 1152
19345 980
19349 489
19363 1190
19377 1440
19396 1093
19418 955
19431 1282
19449 101
19450 1409
19451 220
19456 902
19481 2377
19484 1013
19485 1614
19490 944
19493 1429
19495 833
19502 80
19504 311
19513 996
19517 646
19522 936
19552 980
19553 1434
19576 1897
19577 1898
19579 2180
19581 1388
19590 270
19593 2361
19609 1830
19636 1418
19643 5
19644 90
19656 1326
19674 1759
19681 205
19686 2085
19693 1771
19695 1422
19713 909
19714 501
19727 1119
19747 898
19752 12
19781 149
19795 1040
19815 917
19822 681
19856 682
19860 883
19875 855
19879 850
19880 1305
19881 1304
19882 1964
19886 1298
19891 1805
19892 443
19904 893
19919 979
19939 1705
19961 2299
19979 1283
19981 1511
19992 1147
19993 1384
19999 1100
20003 1900
20015 1821
20020 197
20025 1459
20040 2085
20042 1780
20045 145
20054 1077
20068 1090
20084 2155
20089 1855
20092 1150
20099 148
20122 710
20125 2030
20126 2031
20128 2110
20132 197
20146 1997
20148 14
20152 923
20154 2110
20157 1483
20165 856
20183 1850
20185 856
20194 311
20209 1826
20221 799
20228 1492
20243 1012
20268 34
20273 877
20275 1342
20276 606
20287 311
20296 1756
20312 1051
20350 235
20353 853
20359 29
20414 1572
20445 1416
20468 1414
20473 1898
20482 1560
20501 8
20508 402
20517 10
20547 786
20551 821
20565 1505
20570 1815
20578 763
20598 190
20603 15
20617 1892
20619 1451
20622 309
20624 1760
20635 1262
20637 1197
20644 1413
20647 113
20653 1466
20666 605
20673 2256
20674 670
20675 748
20708 712
20709 903
20713 2071
20718 1876
20737 1048
20768 31
20769 190
20771 2262
20778 78
20795 190
20820 283
20823 1416
20833 61
20838 1978
20839 1186
20848 662
20860 1549
20862 1880
20868 64
20871 65
20903 64
20906 430
20911 924
20928 1573
20935 857
20940 776
20962 1440
20974 2106
20978 636
20979 326
20980 1158
20983 57
20984 58
20987 776
20989 810
20991 1981
20994 213
21049 155
21050 650
21067 212
21068 213
21098 1039
21111 928
21112 92
21121 326
21123 635
21125 837
21134 707
21155 101
21156 1463
21171 1804
21173 2276
21176 85
21186 1431
21226 1994
21233 1174
21252 2299
21254 1787
21255 862
21281 1562
21287 140
21292 78
21305 409
21310 1545
21325 1416
21329 53
21347 103
21352 1416
21357 275
21361 1194
21366 2139
21368 1095
21371 2126
21380 988
21383 84
21400 90
21431 1897
21432 1898
21437 1648
21448 687
21452 693
21462 760
21474 938
21476 1166
21479 149
21486 1108
21487 563
21490 1506
21494 488
21497 673
21508 203
21511 1913
21529 2087
21544 1790
21586 94
21588 684
21594 314
21609 953
21625 977
21638 2374
21654 1927
21656 362
21659 735
21667 1056
21691 2211
21695 180
21696 688
21702 886
21748 172
21759 691
21767 1813
21772 1476
21779 1153
21782 2277
21793 656
21794 1131
21807 2139
21809 1024
21814 862
21835 928
21871 98
21874 1021
21877 711
21883 1682
21891 706
21906 1899
21909 1174
21919 2006
21949 640
21965 1085
21972 1416
21989 785
21997 269
22001 23
22027 732
22031 220
22037 723
22042 772
22051 1984
22056 1105
22061 986
22073 1440
22090 1059
22096 643
22108 1097
22114 2228
22122 2385
22136 2168
22141 2401
22143 2068
22150 140
22161 129
22162 734
22163 1804
22168 1416
22171 212
22172 1452
22178 800
22202 106
22207 107
22209 1919
22211 1416
22237 1406
22247 144
22266 1363
22277 1429
22282 140
22286 152
22287 728
22289 1403
22293 1404
22311 854
22313 53
22315 141
22327 149
22329 82
22351 781
22371 117
22373 112
22383 149
22391 555
22394 393
22425 1428
22428 737
22431 999
22442 407
22447 1416
22454 1339
22460 739
22465 865
22468 1415
22511 1422
22514 1428
22526 747
22530 752
22548 771
22549 757
22550 758
22570 418
22586 749
22591 1547
22609 197
22618 1942
22621 987
22629 1011
22635 1459
22645 40
22652 1144
22659 121
22666 131
22674 705
22686 675
22714 701
22718 1026
22728 779
22739 790
22746 817
22770 152
22771 2155
22783 836
22785 2310
22815 1991
22836 1726
22837 690
22855 780
22859 1451
22864 1916
22875 2214
22879 976
22880 975
22881 708
22883 754
22890 1024
22897 1472
22912 677
22917 1438
22918 1964
22919 1402
22943 806
22956 719
22974 756
22987 715
22988 716
22992 197
22993 2276
23023 1964
23030 1855
23033 1418
23036 332
23050 113
23075 828
23077 826
23101 668
23115 1906
23122 1845
23144 1964
23145 1904
23165 18
23167 1870
23175 62
23176 1974
23186 1143
23187 113
23190 643
23197 691
23214 835
23219 1882
23221 2421
23225 197
23234 654
23246 1679
23249 197
23285 1964
23286 1885
23287 1884
23299 1133
23300 1406
23305 959
23318 64
23333 1964
23334 182
23349 2155
23351 2353
23352 584
23366 262
23405 653
23412 177
23418 1898
23451 1089
23470 1405
23480 77
23481 730
23488 163
23505 2042
23506 90
23509 1860
23516 1991
23517 1468
23520 1545
23527 615
23552 51
23559 1945
23562 890
23586 2203
23595 880
23599 1912
23613 167
23614 1991
23617 729
23627 1866
23640 1980
23701 1366
23702 1365
23716 84
23733 311
23735 336
23743 116
23760 1816
23792 572
23827 858
23840 1299
23852 2249
23859 111
23869 856
23876 798
23878 717
23897 179
23907 1545
23913 121
23922 811
23929 856
23935 1679
23936 642
23941 78
23962 1560
23966 916
23997 570
24019 556
24049 854
24052 1582
24080 1992
24086 212
24089 213
24092 1897
24097 1777
24116 1184
24124 1800
24125 1801
24128 1406
24136 1650
24138 1358
24144 1764
24146 189
24150 1440
24161 1434
24183 552
24191 187
24193 1326
24211 220
24231 192
24234 832
24276 602
24309 1735
24325 953
24328 954
24357 1890
24362 1864
24387 1981
24392 78
24437 649
24440 201
24449 581
24478 1843
24483 1406
24484 1451
24496 172
24497 2038
24530 878
24537 879
24540 935
24546 1964
24561 1428
24564 560
24565 960
24569 589
24571 116
24576 521
24619 148
24622 1912
24626 214
24643 571
24655 951
24690 1155
24691 662
24710 232
24733 207
24734 2139
24781 727
24783 1473
24785 460
24841 233
24847 540
24856 1992
24863 833
24884 929
24901 487
24903 216
24936 700
24943 104
24948 314
24950 1860
24977 62
24991 517
24995 1759
25002 1007
25014 709
25016 70
25055 254
25067 964
25088 1977
25104 445
25122 494
25123 225
25125 189
25129 1023
25134 964
25142 621
25144 1021
25146 326
25147 512
25156 1422
25169 451
25173 583
25193 1030
25200 306
25221 1039
25227 581
25231 1653
25235 1072
25236 1037
25264 1503
25279 236
25281 1416
25283 1052
25293 483
25295 2168
25299 489
25306 2168
25313 240
25317 241
25334 2324
25336 1416
25352 102
25353 2427
25359 90
25378 1416
25388 244
25410 179
25411 727
25416 1560
25446 197
25475 2085
25484 1170
25511 956
25518 247
25526 1096
25535 1097
25557 246
25559 270
25574 856
25588 999
25596 478
25628 1170
25640 264
25651 1115
25655 43
25669 2203
25672 2203
25679 1144
25707 800
25717 645
25720 633
25730 1501
25735 832
25750 355
25753 271
25754 256
25759 257
25767 1577
25778 2400
25786 197
25793 215
25804 2361
25814 989
25827 995
25828 1053
25832 318
25833 2158
25861 559
25869 69
25871 1544
25926 1691
25947 272
25959 1480
25965 184
26025 1871
26055 197
26065 2361
26070 833
26073 1516
26135 1186
26161 393
26169 283
26177 999
26181 1181
26193 232
26195 2267
26208 1178
26220 433
26224 278
26225 1182
26228 1418
26239 833
26250 80
26258 1207
26259 275
26261 279
26263 1213
26294 1517
26306 1898
26312 1647
26315 102
26321 1403
26323 1068
26324 590
26361 2071
26367 735
26368 1434
26375 2203
26376 297
26378 1089
26390 512
26398 705
26473 1326
26476 1586
26481 1155
26501 294
26518 1717
26519 928
26538 753
26556 1233
26571 2120
26615 703
26621 1957
26666 1825
26694 1397
26718 293
26736 1371
26757 662
26772 644
26805 2442
26807 1416
26808 322
26811 1230
26830 293
26861 1549
26869 153
26876 1446
26879 542
26898 1635
26926 2001
26940 190
26983 1140
26990 317
27050 1504
27083 1530
27114 504
27117 197
27119 1340
27162 1339
27177 1568
27199 2276
27212 321
27222 104
27239 326
27271 424
27301 2035
27302 93
27304 43
27306 2034
27316 1269
27321 1895
27349 509
27400 1390
27416 488
27417 43
27426 618
27440 98
27470 1244
27500 116
27502 1266
27512 2421
27515 1351
27522 1416
27523 329
27531 1874
27534 1238
27535 1382
27553 1396
27557 1358
27569 326
27587 1416
27593 1828
27596 84
27600 1792
27605 703
27616 1828
27620 1493
27623 265
27641 361
27643 197
27659 1256
27660 623
27663 356
27666 357
27678 235
27702 1416
27721 1316
27724 1330
27739 2264
27745 1416
27766 373
27778 35
27781 198
27809 1416
27825 1716
27845 487
27858 380
27861 1357
27882 262
27890 1416
27940 155
27971 90
27996 1948
27998 104
28000 1337
28008 2199
28010 424
28012 471
28021 1824
28042 1416
28043 987
28047 629
28059 2001
28068 1285
28070 1284
28071 1295
28072 1294
28089 1416
28091 1376
28099 1287
28109 326
28120 78
28124 175
28132 1416
28153 1554
28154 1416
28184 2136
28198 701
28214 2018
28217 197
28234 1698
28278 1479
28286 2155
28294 2174
28331 2056
28370 1416
28391 1416
28394 1889
28396 1254
28402 1484
28403 2265
28411 735
28426 88
28427 279
28429 1908
28442 1807
28476 2123
28501 2004
28524 2168
28525 326
28526 1926
28573 2423
28576 2155
28589 1758
28592 1466
28618 190
28626 636
28649 1416
28650 543
28655 2292
28677 1580
28704 197
28706 1416
28719 2297
28736 1134
28738 1532
28741 407
28745 276
28751 2310
28755 2187
28765 2168
28790 1074
28838 2087
28856 1455
28858 121
28863 6
28899 2399
28961 1528
29000 1564
29034 1796
29050 1416
29060 2019
29070 2139
29076 1902
29094 1261
29107 443
29109 147
29115 2003
29135 1466
29137 1144
29151 98
29153 2351
29173 2198
29181 2182
29182 1758
29190 1428
29204 1650
29215 2069
29242 1710
29259 2013
29263 927
29280 51
29292 1455
29306 916
29331 1518
29333 1428
29345 1980
29370 502
29383 2267
29384 685
29395 2085
29399 1586
29400 1466
29402 1446
29435 1926
29445 2144
29462 1144
29481 1747
29491 2193
29494 1710
29499 1710
29531 2004
29535 578
29568 2155
29573 1538
29581 1703
29603 1446
29611 1434
29620 2260
29631 1428
29635 2070
29636 1680
29650 2189
29670 1730
29690 1654
29703 116
29706 2155
29710 584
29723 2184
29736 1322
29758 1304
29773 2328
29792 640
29794 1144
29812 1455
29823 345
29825 2354
29840 550
29855 1915
29864 1416
29904 2379
29916 345
29919 833
29928 2143
29941 1797
29962 1157
29999 2387
30023 152
30034 1416
30057 2125
30082 2246
30085 1491
30088 2379
30104 2168
30106 269
30108 270
30135 1779
30142 2022
30144 1309
30147 1801
30148 1800
30158 1416
30164 833
30174 4
30178 306
30211 326
30212 1762
30222 2382
30230 651
30237 953
30238 2440
30247 859
30249 2385
30253 2168
30256 2014
30293 1144
30323 2440
30340 1660
30350 1528
30351 1707
30353 856
30354 2442
30355 1024
30373 2011
30381 1521
30389 1267
30394 1804
30412 2397
30417 2383
30429 2137
30434 147
30441 184
30449 735
30450 2353
30456 1462
30461 311
30488 1773
30494 1416
30498 1874
30506 2336
30516 2372
30523 2153
30527 728
30529 220
30537 2150
30548 1872
30551 1729
30558 856
30590 1571
30593 200
30596 1701
30616 1560
30621 2103
30650 1631
30654 1684
30679 2379
30687 2410
30694 2222
30706 1642
30731 928
30756 1804
30759 147
30762 2361
30795 2071
30830 104
30832 2251
30851 2379
30852 2379
30862 2337
30865 2057
30896 2081
30897 2082
30909 1340
30913 1623
30931 2168
30940 1833
30946 1860
30955 1860
30967 2351
30969 580
30973 269
30998 309
31000 220
31001 1804
31010 2167
31017 2155
31020 220
31027 2138
31042 1992
31080 1859
31082 326
31123 856
31127 1762
31131 1785
31137 2342
31138 2344
31156 1804
31178 856
31183 2205
31195 2162
31212 220
31213 53
31214 2155
31216 1964
31220 2369
31254 2329
31270 1938
31274 1603
31293 1398
31297 2085
31303 2108
31335 1403
31336 2259
31338 113
31352 1619
31364 2348
31367 2139
31370 1859
31405 2216
31418 2259
31420 1867
31425 116
31456 1817
31467 1632
31475 1428
31487 98
31491 232
31497 1979
31500 2338
31502 1447
31527 2442
31540 1706
31561 2212
31579 1416
31583 2231
31587 2247
31593 2147
31597 2168
31630 95
31650 2444
31651 1039
31668 2049
31670 1572
31671 384
31710 2271
31711 2273
31723 1961
31724 1559
31742 2126
31746 2435
31750 2192
31757 2197
31791 2085
31795 2168
31799 496
31804 1783
31808 1444
31839 1677
31841 1860
31857 541
31859 500
31872 2235
31909 2071
31917 2085
31927 2152
31942 1618
31947 155
31979 2385
31981 1890
32006 1428
32009 1428
32033 1992
32035 1689
32044 1689
32053 2341
32060 1696
32105 1991
32112 2172
32130 257
32147 1600
32176 1507
32189 102
32190 2427
32211 2379
32245 2442
32248 1455
32276 2269
32285 2385
32295 2224
32316 2209
32317 1064
32324 43
32330 2155
32344 2299
32369 815
32371 2012
32372 1699
32400 1024
32415 1681
32425 3
32430 2156
32470 841
32525 152
32530 2155
32532 101
32560 1859
32568 2241
32573 1416
32579 1908
32599 1859
32602 1620
32613 152
32653 2175
32670 1154
32680 554
32690 2393
32695 1797
32696 1714
32703 2261
32725 159
32742 2152
32746 1115
32752 2227
32760 2385
32789 1859
32794 1746
32813 1568
32821 2146
32838 2111
32844 1675
32845 1191
32847 1435
32849 728
32851 101
32852 326
32858 728
32862 1416
32865 2168
32866 2309
32868 2167
32876 197
32878 1859
32910 62
32913 471
32915 2180
32923 2406
32936 1737
32940 2180
32958 2185
32961 1657
32967 2392
32970 2233
32997 2418
33003 2061
33015 1830
33016 184
33022 2385
33035 1010
33088 2114
33113 2167
33120 1607
33144 378
33151 1902
33198 856
33206 2415
33222 2091
33228 2373
33229 1416
33230 1730
33231 501
33262 652
33264 1832
33306 2206
33313 407
33314 2204
33319 1898
33324 2325
33349 1868
33381 2130
33387 1923
33396 2243
33397 2240
33400 2155
33410 1777
33416 197
33422 1701
33430 2375
33446 1454
33455 428
33470 2178
33484 2292
33486 2089
33497 2085
33500 2367
33502 1340
33518 2346
33522 2347
33546 2155
33560 2384
33561 1804
33589 584
33600 2085
33604 2100
33617 2189
33633 254
33651 2219
33676 1455
33679 325
33682 1804
33708 90
33716 1948
33721 1789
33767 2072
33776 1209
33777 1904
33838 2155
33848 92
33856 1544
33859 2071
33861 1158
33880 392
33898 512
33902 1701
33903 92
33923 2153
33930 1706
33936 1956
33944 326
33953 2137
33982 1804
33985 2151
33989 2168
34007 728
34020 2266
34021 2102
34029 309
34037 2003
34040 2402
34046 1455
34104 1964
34120 2353
34121 584
34129 2107
34149 1428
34150 1992
34160 1992
34193 2214
34239 759
34253 2249
34258 326
34268 1992
34327 1637
34344 2003
34365 190
34385 584
34402 1989
34408 691
34420 2370
34422 1804
34425 1865
34445 2220
34446 1834
34447 1144
34450 1537
34459 1416
34483 62
34485 2366
34489 2155
34493 1804
34508 1717
34510 407
34515 2409
34550 2093
34579 2442
34580 43
34587 1897
34588 1898
34591 2306
34605 289
34616 1804
34623 1256
34624 2071
34626 1523
34643 2066
34659 98
34662 1784
34700 1992
34708 162
34774 1525
34780 1762
34897 2361
34900 2379
34906 773
34934 2085
34951 2193
34962 1969
34964 840
34980 1416
34986 309
34987 78
35000 2071
35008 2039
35011 2385
35012 2068
35027 377
35046 486
35065 2416
35070 1582
35088 2148
35091 1635
35134 2294
35135 1948
35201 2352
35214 1804
35226 326
35231 127
35235 1679
35237 329
35261 108
35263 2119
35272 2144
35282 197
35289 1646
35292 1455
35306 2190
35308 2127
35312 153
35321 2339
35328 2408
35331 2085
35342 1858
35348 728
35366 2271
35369 424
35383 2388
35397 2037
35400 1281
35423 1804
35437 2395
35447 1992
35451 2214
35484 345
35495 2208
35508 2092
35509 2076
35514 2005
35515 2442
35521 1926
35525 1730
35531 1859
35533 189
35546 1213
35550 1669
35588 2385
35591 2385
35600 928
35611 1451
35614 194
35617 1992
35623 2358
35631 220
35662 20
35675 2315
35691 2005
35713 2322
35724 789
35729 2098
35737 2335
35742 2305
35751 2045
35761 1951
35767 1944
35792 1752
35797 1561
35812 98
35822 2000
35843 1810
35845 2167
35880 2096
35921 2385
35944 327
35961 1721
35966 1466
35974 2134
35976 2385
36009 2225
36013 2048
36026 2244
36043 1878
36059 1819
36073 1445
36076 1444
36090 2271
36173 544
36176 2055
36177 1286
36226 2054
36228 1213
36231 1659
36259 2298
36284 1804
36302 2155
36313 2050
36318 1892
36338 281
36378 1416
36386 397
36391 2116
36396 2088
36401 1617
36414 326
36418 1416
36424 1827
36449 2405
36452 1904
36456 22
36459 1503
36478 735
36487 1154
36490 345
36494 155
36500 2431
36509 49
36516 1455
36534 1964
36535 2197
36536 1275
36551 2180
36575 2299
36577 2299
36578 1860
36630 2295
36637 1948
36664 833
36673 2380
36679 2349
36698 2085
36710 2044
36736 2351
36751 2157
36754 1814
36768 2363
36772 2397
36783 2355
36810 111
36815 245
36834 2013
36855 2239
36861 1251
36873 2085
36874 1144
36878 1454
36882 1466
36912 1768
36923 1181
36932 2033
36966 833
36987 2398
36998 2180
37006 220
37024 1023
37029 1998
37045 2112
37047 1681
37058 1279
37071 2276
37073 2446
37075 2379
37083 121
37109 2116
37121 2104
37128 32
37139 2427
37141 2330
37144 98
37150 2286
37151 2094
37172 1999
37198 2115
37206 1416
37227 1920
37282 2333
37285 2404
37301 1804
37310 753
37327 2391
37353 306
37356 2385
37367 2129
37372 1144
37375 1213
37379 2330
37387 2013
37394 1144
37395 2023
37404 1144
37410 43
37448 728
37449 2036
37467 2046
37481 2433
37489 1484
37491 1803
37501 584
37511 1416
37516 2254
37530 1992
37533 1144
37556 2283
37568 623
37572 2167
37591 2040
37593 833
37595 1416
37615 584
37621 2085
37637 1097
37638 1478
37649 2085
37654 2143
37658 345
37682 1863
37691 2126
37709 1841
37714 2376
37715 1239
37726 1144
37730 2377
37732 833
37735 1992
37741 2385
37749 98
37770 2377
37816 1826
37887 2226
37899 2377
37908 584
37916 1784
37922 2167
37927 2085
37935 1144
37938 2377
37942 1416
37949 735
37974 2155
37976 1499
37986 1839
37998 1964
38028 1061
38032 247
38037 121
38051 2033
38052 2300
38066 1762
38080 215
38087 1902
38094 1267
38100 2268
38103 1935
38106 959
38121 2296
38166 1859
38173 1804
38189 845
38209 468
38221 2085
38294 1416
38313 1738
38327 98
38348 1246
38372 1607
38445 1155
38452 22
38454 2441
38456 833
38461 1633
38464 1964
38498 2379
38518 2168
38549 2167
38569 1454
38597 2155
38609 2167
38614 2313
38623 1953
38673 833
38675 2221
38701 1648
38712 576
38716 1434
38722 2187
38745 571
38749 1522
38756 1804
38805 2396
38818 462
38828 2155
38841 2377
38844 1482
38860 2448
38861 1703
38873 1495
38897 1455
38911 1718
38969 1859
38986 1542
39005 1648
39011 2180
39013 309
39030 2321
39053 1996
39055 1290
39060 2168
39089 155
39092 1409
39102 2246
39123 2309
39146 2109
39149 116
39184 98
39190 98
39197 2092
39247 1278
39250 2097
39260 1648
39262 2266
39305 462
39317 2015
39344 1162
39350 326
39374 311
39405 1451
39449 1648
39453 1445
39464 581
39473 2168
39482 785
39493 239
39519 1625
39530 2202
39536 2038
39538 2331
39542 2437
39543 2405
39553 1416
39559 1444
39580 2385
39585 551
39593 2168
39596 2192
39622 2276
39625 1804
39629 1860
39639 1881
39669 77
39678 1021
39699 988
39701 1416
39707 268
39708 458
39709 1416
39714 2312
39788 1804
39826 2440
39834 1428
39836 1804
39846 1908
39852 1926
39854 1690
39878 121
39881 43
39896 1592
39910 2155
39933 2327
39983 1847
39995 1416
40027 311
40051 1617
40058 1859
40061 2385
40116 1710
40139 1536
40164 591
40226 153
40258 2095
40259 2167
40263 2385
40295 835
40304 1019
40322 82
40330 2246
40341 1326
40362 2282
40396 2180
40446 174
40461 2379
40488 436
40509 1416
40527 88
40533 1899
40536 2214
40563 1872
40565 432
40598 2300
40612 184
40619 1429
40634 2359
40643 43
40652 1547
40661 1545
40668 2168
40680 856
40689 190
40694 407
40727 1859
40739 2445
40740 2379
40764 159
40769 2024
40779 2168
40797 1223
40801 1455
40820 1859
40883 2310
40884 1804
40890 2063
