0
1
2
6
7
10
12
13
15
19
20
21
22
23
24
26
27
28
29
30
31
33
34
36
37
39
40
41
42
43
45
48
50
51
54
56
61
62
63
64
65
67
69
70
72
73
74
77
78
80
83
84
85
86
87
92
93
95
97
101
102
104
106
113
114
115
118
119
121
122
123
124
128
130
134
137
138
139
140
141
142
143
144
146
147
148
149
150
155
156
157
159
161
162
163
164
166
167
170
171
172
174
175
176
178
181
184
185
189
191
192
193
197
198
199
205
206
208
209
211
213
215
216
217
221
223
224
225
234
235
241
244
245
248
249
251
253
254
257
258
260
261
262
264
267
269
270
271
273
274
281
283
284
285
286
288
290
291
292
294
296
298
300
301
303
305
306
310
311
313
314
315
317
318
320
321
322
327
332
334
335
340
341
342
346
347
348
349
350
351
353
356
357
358
359
360
361
364
365
367
369
370
371
372
378
379
380
383
387
389
390
391
392
393
394
395
402
403
407
410
412
417
420
422
424
425
426
427
428
431
432
434
436
438
439
440
443
448
452
453
457
458
462
464
467
469
470
474
475
476
478
482
486
488
490
491
493
494
495
496
500
502
508
510
516
521
524
525
527
529
531
532
533
535
541
542
544
545
551
554
555
557
559
560
563
568
570
572
574
576
577
581
582
585
592
594
595
600
602
605
613
615
618
619
620
621
623
625
628
630
631
635
636
641
642
645
646
649
650
651
654
655
657
658
659
660
661
662
664
666
667
671
673
675
681
682
691
692
693
697
700
703
704
705
708
709
710
711
712
713
715
717
718
722
723
724
725
736
737
739
741
747
753
756
758
761
763
764
765
766
770
774
775
778
782
785
787
788
795
798
799
800
802
806
810
811
812
813
814
815
819
820
826
828
832
838
839
841
842
843
848
850
851
853
854
855
856
857
860
861
862
864
865
866
867
869
873
875
877
878
881
885
887
893
896
898
909
910
912
917
920
921
922
925
928
929
930
932
933
934
938
939
942
943
945
949
950
952
953
954
956
957
958
963
964
967
968
973
976
977
978
980
981
984
985
990
991
992
994
995
996
997
1007
1017
1018
1019
1022
1025
1031
1032
1033
1034
1036
1038
1040
1041
1044
1051
1052
1054
1055
1057
1058
1059
1060
1063
1064
1067
1071
1072
1078
1079
1080
1081
1083
1085
1088
1089
1093
1094
1098
1100
1101
1104
1105
1106
1107
1109
1110
1113
1114
1115
1116
1119
1121
1123
1124
1125
1126
1127
1128
1131
1132
1133
1134
1138
1141
1143
1144
1145
1147
1150
1151
1152
1154
1156
1157
1158
1159
1160
1161
1162
1164
1166
1170
1171
1172
1173
1174
1176
1177
1179
1180
1182
1183
1189
1198
1203
1204
1206
1208
1210
1212
1213
1214
1215
1218
1221
1223
1225
1227
1228
1229
1231
1232
1233
1234
1235
1236
1239
1240
1244
1246
1247
1248
1249
1252
1253
1255
1256
1260
1263
1266
1271
1273
1274
1278
1279
1285
1286
1288
1290
1292
1297
1298
1300
1301
1302
1304
1305
1306
1307
1308
1310
1312
1313
1315
1316
1318
1321
1322
1323
1326
1328
1329
1330
1331
1334
1337
1340
1342
1344
1346
1349
1351
1352
1354
1355
1363
1364
1365
1366
1368
1374
1377
1381
1386
1388
1390
1395
1396
1402
1408
1409
1414
1423
1425
1427
1430
1432
1433
1435
1436
1438
1439
1441
1443
1445
1447
1451
1453
1454
1457
1458
1459
1461
1463
1466
1468
1470
1472
1478
1479
1483
1486
1488
1489
1491
1493
1494
1495
1500
1501
1506
1509
1511
1513
1516
1518
1521
1526
1527
1528
1529
1530
1534
1535
1540
1545
1547
1548
1552
1555
1556
1557
1559
1560
1562
1563
1564
1567
1571
1573
1574
1577
1578
1579
1580
1581
1584
1585
1586
1587
1589
1591
1593
1594
1595
1596
1597
1598
1599
1600
1602
1604
1605
1612
1615
1618
1626
1629
1633
1634
1636
1638
1641
1643
1644
1646
1650
1652
1654
1663
1667
1669
1671
1672
1673
1674
1678
1682
1683
1684
1687
1689
1690
1691
1692
1695
1697
1700
1702
1713
1714
1717
1718
1720
1724
1725
1726
1729
1732
1733
1734
1736
1737
1739
1741
1742
1743
1744
1745
1746
1750
1751
1752
1753
1754
1757
1758
1759
1760
1761
1763
1764
1765
1767
1768
1770
1771
1772
1773
1774
1775
1776
1777
1778
1781
1782
1784
1785
1786
1787
1788
1789
1790
1792
1793
1796
1797
1798
1803
1804
1806
1809
1810
1813
1814
1818
1819
1820
1822
1825
1827
1828
1831
1840
1841
1844
1845
1846
1847
1849
1852
1853
1854
1861
1862
1864
1866
1870
1871
1874
1880
1881
1886
1888
1889
1890
1893
1896
1897
1899
1901
1902
1903
1905
1909
1910
1911
1912
1916
1918
1927
1928
1935
1936
1937
1940
1941
1943
1944
1947
1948
1949
1950
1951
1954
1956
1957
1958
1961
1962
1963
1964
1965
1966
1970
1972
1973
1975
1976
1979
1980
1981
1983
1984
1985
1986
1988
1989
1990
1992
1993
1994
1995
1996
1997
2002
2004
2005
2011
2013
2014
2015
2016
2018
2024
2026
2031
2033
2034
2035
2037
2038
2039
2041
2046
2047
2048
2051
2052
2056
2057
2058
2059
2061
2062
2064
2065
2066
2067
2072
2076
2077
2079
2080
2081
2083
2088
2089
2091
2093
2095
2097
2100
2103
2105
2106
2107
2109
2110
2111
2113
2114
2115
2116
2117
2119
2120
2121
2123
2125
2128
2129
2132
2134
2136
2137
2140
2141
2144
2145
2146
2147
2148
2149
2152
2154
2156
2157
2158
2161
2162
2163
2165
2168
2170
2171
2172
2173
2174
2176
2178
2179
2182
2185
2186
2193
2194
2200
2202
2207
2210
2211
2212
2213
2216
2217
2222
2223
2224
2227
2228
2229
2230
2231
2233
2236
2237
2238
2243
2244
2245
2247
2248
2249
2255
2256
2257
2258
2260
2262
2263
2264
2265
2267
2268
2271
2272
2273
2274
2275
2276
2284
2285
2286
2287
2288
2289
2291
2292
2294
2297
2298
2299
2300
2301
2303
2307
2308
2314
2319
2320
2325
2326
2333
2334
2335
2336
2338
2340
2342
2343
2351
2353
2358
2359
2360
2363
2366
2369
2370
2371
2372
2373
2375
2376
2378
2385
2386
2389
2392
2393
2394
2395
2396
2397
2398
2400
2401
2403
2404
2406
2411
2412
2413
2416
2417
2418
2419
2420
2422
2423
2424
2425
2427
2428
2429
2431
2432
2434
2435
2439
2440
2442
2446
2447
2448
2449
2451
2452
2456
2458
2459
2461
2465
2466
2467
2469
2471
2473
2475
2477
2478
2480
2482
2483
2484
2490
2497
2498
2499
2501
2505
2507
2514
2516
2518
2519
2520
2521
2522
2527
2528
2536
2543
2546
2548
2551
2552
2553
2554
2558
2560
2561
2562
2567
2568
2573
2574
2580
2584
2587
2588
2590
2591
2596
2599
2602
2607
2609
2612
2613
2614
2616
2620
2623
2624
2625
2627
2628
2630
2632
2634
2636
2638
2640
2641
2642
2643
2646
2648
2650
2651
2652
2653
2657
2658
2659
2661
2662
2663
2665
2667
2669
2671
2672
2679
2683
2687
2688
2689
2690
2691
2693
2694
2699
2703
2705
2708
2709
2712
2714
2715
2721
2726
2734
2735
2738
2740
2743
2744
2746
2747
2751
2752
2753
2754
2756
2762
2767
2768
2769
2772
2779
2783
2790
2792
2793
2796
2799
2800
2803
2805
2809
2813
2821
2831
2834
2835
2836
2841
2842
2851
2852
2859
2861
2862
2864
2868
2869
2872
2873
2874
2881
2884
2885
2889
2891
2893
2894
2897
2898
2899
2901
2902
2903
2910
2913
2914
2915
2916
2918
2920
2923
2932
2938
2939
2940
2943
2944
2949
2950
2951
2955
2957
2959
2960
2963
2965
2967
2973
2976
2977
2979
2980
2981
2984
2986
2989
2990
2991
2992
2994
2996
3002
3006
3010
3017
3018
3019
3020
3022
3024
3031
3032
3033
3034
3039
3043
3044
3045
3051
3055
3057
3059
3060
3062
3063
3065
3067
3070
3072
3073
3083
3089
3090
3091
3092
3093
3094
3095
3096
3098
3103
3106
3107
3109
3110
3111
3117
3119
3122
3123
3125
3126
3131
3134
3136
3140
3141
3143
3147
3148
3150
3157
3167
3169
3171
3175
3178
3179
3182
3185
3187
3196
3200
3202
3204
3205
3206
3208
3211
3214
3216
3217
3222
3227
3228
3230
3232
3233
3237
3240
3241
3245
3246
3248
3251
3253
3255
3256
3260
3264
3269
3270
3272
3273
3275
3279
3280
3283
3285
3287
3289
3290
3293
3297
3304
3310
3311
3312
3315
3316
3317
3318
3320
3321
3322
3323
3326
3328
3330
3331
3334
3340
3341
3343
3347
3348
3353
3354
3357
3358
3361
3363
3366
3367
3374
3376
3379
3382
3384
3385
3386
3388
3393
3396
3398
3402
3406
3407
3409
3410
3411
3414
3418
3420
3421
3422
3423
3425
3426
3427
3429
3430
3436
3437
3439
3443
3444
3447
3450
3453
3456
3462
3465
3468
3469
3470
3479
3491
3496
3497
3502
3515
3518
3520
3528
3531
3532
3537
3539
3544
3546
3550
3554
3555
3567
3568
3572
3583
3584
3586
3587
3594
3598
3616
3618
3619
3629
3639
3646
3651
3662
3663
